date,state,daily,donations_new,donations_returning
2006-01-01,Malaysia,525,243,282
2006-01-02,Malaysia,227,83,144
2006-01-03,Malaysia,112,8,104
2006-01-04,Malaysia,391,286,105
2006-01-05,Malaysia,582,328,254
2006-01-06,Malaysia,324,162,162
2006-01-07,Malaysia,118,53,65
2006-01-08,Malaysia,795,368,427
2006-01-09,Malaysia,346,249,97
2006-01-10,Malaysia,2,0,2
2006-01-11,Malaysia,448,385,63
2006-01-12,Malaysia,805,708,97
2006-01-13,Malaysia,418,172,246
2006-01-14,Malaysia,315,240,75
2006-01-15,Malaysia,562,363,199
2006-01-16,Malaysia,584,412,172
2006-01-17,Malaysia,1219,1081,138
2006-01-18,Malaysia,862,694,168
2006-01-19,Malaysia,975,820,155
2006-01-20,Malaysia,704,515,189
2006-01-21,Malaysia,481,316,165
2006-01-22,Malaysia,397,378,19
2006-01-23,Malaysia,396,233,163
2006-01-24,Malaysia,1054,646,408
2006-01-25,Malaysia,785,618,167
2006-01-26,Malaysia,1196,727,469
2006-01-27,Malaysia,107,35,72
2006-01-28,Malaysia,170,25,145
2006-01-29,Malaysia,0,0,0
2006-01-30,Malaysia,42,32,10
2006-01-31,Malaysia,85,59,26
2006-02-01,Malaysia,276,154,122
2006-02-02,Malaysia,411,187,224
2006-02-03,Malaysia,199,98,101
2006-02-04,Malaysia,328,230,98
2006-02-05,Malaysia,425,170,255
2006-02-06,Malaysia,616,425,191
2006-02-07,Malaysia,759,560,199
2006-02-08,Malaysia,1456,1183,273
2006-02-09,Malaysia,1042,805,237
2006-02-10,Malaysia,1136,804,332
2006-02-11,Malaysia,2147,1980,167
2006-02-12,Malaysia,593,372,221
2006-02-13,Malaysia,219,69,150
2006-02-14,Malaysia,447,194,253
2006-02-15,Malaysia,799,677,122
2006-02-16,Malaysia,630,390,240
2006-02-17,Malaysia,238,119,119
2006-02-18,Malaysia,1211,910,301
2006-02-19,Malaysia,292,103,189
2006-02-20,Malaysia,333,228,105
2006-02-21,Malaysia,1461,929,532
2006-02-22,Malaysia,857,703,154
2006-02-23,Malaysia,702,421,281
2006-02-24,Malaysia,552,451,101
2006-02-25,Malaysia,760,512,248
2006-02-26,Malaysia,467,350,117
2006-02-27,Malaysia,721,467,254
2006-02-28,Malaysia,523,423,100
2006-03-01,Malaysia,827,621,206
2006-03-02,Malaysia,851,680,171
2006-03-03,Malaysia,623,437,186
2006-03-04,Malaysia,493,404,89
2006-03-05,Malaysia,994,814,180
2006-03-06,Malaysia,613,454,159
2006-03-07,Malaysia,581,403,178
2006-03-08,Malaysia,945,736,209
2006-03-09,Malaysia,603,482,121
2006-03-10,Malaysia,424,237,187
2006-03-11,Malaysia,539,458,81
2006-03-12,Malaysia,609,434,175
2006-03-13,Malaysia,399,233,166
2006-03-14,Malaysia,717,422,295
2006-03-15,Malaysia,816,503,313
2006-03-16,Malaysia,1269,776,493
2006-03-17,Malaysia,423,193,230
2006-03-18,Malaysia,475,377,98
2006-03-19,Malaysia,763,598,165
2006-03-20,Malaysia,448,237,211
2006-03-21,Malaysia,856,674,182
2006-03-22,Malaysia,602,441,161
2006-03-23,Malaysia,562,360,202
2006-03-24,Malaysia,441,328,113
2006-03-25,Malaysia,710,545,165
2006-03-26,Malaysia,434,256,178
2006-03-27,Malaysia,593,477,116
2006-03-28,Malaysia,756,636,120
2006-03-29,Malaysia,1329,1196,133
2006-03-30,Malaysia,1087,951,136
2006-03-31,Malaysia,742,513,229
2006-04-01,Malaysia,673,485,188
2006-04-02,Malaysia,403,305,98
2006-04-03,Malaysia,292,72,220
2006-04-04,Malaysia,773,588,185
2006-04-05,Malaysia,471,208,263
2006-04-06,Malaysia,405,255,150
2006-04-07,Malaysia,153,65,88
2006-04-08,Malaysia,742,534,208
2006-04-09,Malaysia,1230,1022,208
2006-04-10,Malaysia,566,333,233
2006-04-11,Malaysia,349,281,68
2006-04-12,Malaysia,353,206,147
2006-04-13,Malaysia,639,475,164
2006-04-14,Malaysia,681,393,288
2006-04-15,Malaysia,318,226,92
2006-04-16,Malaysia,659,439,220
2006-04-17,Malaysia,379,201,178
2006-04-18,Malaysia,519,298,221
2006-04-19,Malaysia,808,614,194
2006-04-20,Malaysia,557,437,120
2006-04-21,Malaysia,518,215,303
2006-04-22,Malaysia,707,519,188
2006-04-23,Malaysia,898,655,243
2006-04-24,Malaysia,247,122,125
2006-04-25,Malaysia,235,151,84
2006-04-26,Malaysia,1302,787,515
2006-04-27,Malaysia,593,479,114
2006-04-28,Malaysia,440,252,188
2006-04-29,Malaysia,277,210,67
2006-04-30,Malaysia,388,228,160
2006-05-01,Malaysia,1928,1527,401
2006-05-02,Malaysia,337,179,158
2006-05-03,Malaysia,566,391,175
2006-05-04,Malaysia,401,250,151
2006-05-05,Malaysia,341,79,262
2006-05-06,Malaysia,984,711,273
2006-05-07,Malaysia,936,687,249
2006-05-08,Malaysia,379,184,195
2006-05-09,Malaysia,272,122,150
2006-05-10,Malaysia,454,344,110
2006-05-11,Malaysia,966,533,433
2006-05-12,Malaysia,1256,976,280
2006-05-13,Malaysia,582,447,135
2006-05-14,Malaysia,1315,810,505
2006-05-15,Malaysia,436,179,257
2006-05-16,Malaysia,454,302,152
2006-05-17,Malaysia,786,533,253
2006-05-18,Malaysia,423,293,130
2006-05-19,Malaysia,339,47,292
2006-05-20,Malaysia,727,549,178
2006-05-21,Malaysia,916,652,264
2006-05-22,Malaysia,239,146,93
2006-05-23,Malaysia,809,565,244
2006-05-24,Malaysia,666,461,205
2006-05-25,Malaysia,917,571,346
2006-05-26,Malaysia,602,284,318
2006-05-27,Malaysia,380,245,135
2006-05-28,Malaysia,804,565,239
2006-05-29,Malaysia,310,177,133
2006-05-30,Malaysia,383,179,204
2006-05-31,Malaysia,356,149,207
2006-06-01,Malaysia,531,303,228
2006-06-02,Malaysia,550,121,429
2006-06-03,Malaysia,310,192,118
2006-06-04,Malaysia,599,337,262
2006-06-05,Malaysia,175,68,107
2006-06-06,Malaysia,222,108,114
2006-06-07,Malaysia,481,287,194
2006-06-08,Malaysia,323,183,140
2006-06-09,Malaysia,248,170,78
2006-06-10,Malaysia,319,218,101
2006-06-11,Malaysia,709,432,277
2006-06-12,Malaysia,389,215,174
2006-06-13,Malaysia,279,128,151
2006-06-14,Malaysia,233,60,173
2006-06-15,Malaysia,763,476,287
2006-06-16,Malaysia,677,481,196
2006-06-17,Malaysia,847,543,304
2006-06-18,Malaysia,686,399,287
2006-06-19,Malaysia,408,298,110
2006-06-20,Malaysia,467,297,170
2006-06-21,Malaysia,617,345,272
2006-06-22,Malaysia,535,421,114
2006-06-23,Malaysia,476,188,288
2006-06-24,Malaysia,947,809,138
2006-06-25,Malaysia,625,437,188
2006-06-26,Malaysia,341,142,199
2006-06-27,Malaysia,856,628,228
2006-06-28,Malaysia,414,234,180
2006-06-29,Malaysia,462,303,159
2006-06-30,Malaysia,388,119,269
2006-07-01,Malaysia,216,24,192
2006-07-02,Malaysia,582,353,229
2006-07-03,Malaysia,407,279,128
2006-07-04,Malaysia,506,277,229
2006-07-05,Malaysia,452,239,213
2006-07-06,Malaysia,241,128,113
2006-07-07,Malaysia,364,270,94
2006-07-08,Malaysia,611,304,307
2006-07-09,Malaysia,341,170,171
2006-07-10,Malaysia,384,192,192
2006-07-11,Malaysia,901,538,363
2006-07-12,Malaysia,901,547,354
2006-07-13,Malaysia,1012,599,413
2006-07-14,Malaysia,918,568,350
2006-07-15,Malaysia,663,358,305
2006-07-16,Malaysia,543,333,210
2006-07-17,Malaysia,404,230,174
2006-07-18,Malaysia,522,219,303
2006-07-19,Malaysia,807,540,267
2006-07-20,Malaysia,756,501,255
2006-07-21,Malaysia,502,378,124
2006-07-22,Malaysia,661,244,417
2006-07-23,Malaysia,945,689,256
2006-07-24,Malaysia,504,228,276
2006-07-25,Malaysia,927,596,331
2006-07-26,Malaysia,1351,774,577
2006-07-27,Malaysia,910,630,280
2006-07-28,Malaysia,867,481,386
2006-07-29,Malaysia,703,462,241
2006-07-30,Malaysia,783,501,282
2006-07-31,Malaysia,167,72,95
2006-08-01,Malaysia,697,316,381
2006-08-02,Malaysia,526,266,260
2006-08-03,Malaysia,618,431,187
2006-08-04,Malaysia,263,133,130
2006-08-05,Malaysia,221,102,119
2006-08-06,Malaysia,801,545,256
2006-08-07,Malaysia,502,286,216
2006-08-08,Malaysia,433,239,194
2006-08-09,Malaysia,813,527,286
2006-08-10,Malaysia,732,446,286
2006-08-11,Malaysia,291,107,184
2006-08-12,Malaysia,752,548,204
2006-08-13,Malaysia,826,516,310
2006-08-14,Malaysia,813,435,378
2006-08-15,Malaysia,1294,854,440
2006-08-16,Malaysia,661,421,240
2006-08-17,Malaysia,945,602,343
2006-08-18,Malaysia,658,543,115
2006-08-19,Malaysia,474,371,103
2006-08-20,Malaysia,948,598,350
2006-08-21,Malaysia,318,156,162
2006-08-22,Malaysia,726,442,284
2006-08-23,Malaysia,1084,645,439
2006-08-24,Malaysia,1093,785,308
2006-08-25,Malaysia,961,325,636
2006-08-26,Malaysia,347,234,113
2006-08-27,Malaysia,687,427,260
2006-08-28,Malaysia,345,226,119
2006-08-29,Malaysia,797,618,179
2006-08-30,Malaysia,509,357,152
2006-08-31,Malaysia,775,310,465
2006-09-01,Malaysia,134,40,94
2006-09-02,Malaysia,1006,521,485
2006-09-03,Malaysia,2266,1854,412
2006-09-04,Malaysia,308,136,172
2006-09-05,Malaysia,1054,588,466
2006-09-06,Malaysia,903,505,398
2006-09-07,Malaysia,842,519,323
2006-09-08,Malaysia,576,405,171
2006-09-09,Malaysia,370,208,162
2006-09-10,Malaysia,892,511,381
2006-09-11,Malaysia,660,393,267
2006-09-12,Malaysia,955,608,347
2006-09-13,Malaysia,853,636,217
2006-09-14,Malaysia,1084,505,579
2006-09-15,Malaysia,720,454,266
2006-09-16,Malaysia,704,577,127
2006-09-17,Malaysia,753,418,335
2006-09-18,Malaysia,561,283,278
2006-09-19,Malaysia,858,374,484
2006-09-20,Malaysia,1289,764,525
2006-09-21,Malaysia,1586,1116,470
2006-09-22,Malaysia,1087,660,427
2006-09-23,Malaysia,368,215,153
2006-09-24,Malaysia,256,208,48
2006-09-25,Malaysia,64,22,42
2006-09-26,Malaysia,65,23,42
2006-09-27,Malaysia,175,113,62
2006-09-28,Malaysia,328,169,159
2006-09-29,Malaysia,637,98,539
2006-09-30,Malaysia,124,41,83
2006-10-01,Malaysia,725,340,385
2006-10-02,Malaysia,270,186,84
2006-10-03,Malaysia,191,93,98
2006-10-04,Malaysia,284,173,111
2006-10-05,Malaysia,370,207,163
2006-10-06,Malaysia,535,291,244
2006-10-07,Malaysia,57,19,38
2006-10-08,Malaysia,713,425,288
2006-10-09,Malaysia,270,148,122
2006-10-10,Malaysia,180,96,84
2006-10-11,Malaysia,287,38,249
2006-10-12,Malaysia,413,187,226
2006-10-13,Malaysia,610,93,517
2006-10-14,Malaysia,337,264,73
2006-10-15,Malaysia,1285,804,481
2006-10-16,Malaysia,694,371,323
2006-10-17,Malaysia,438,219,219
2006-10-18,Malaysia,288,180,108
2006-10-19,Malaysia,715,249,466
2006-10-20,Malaysia,378,169,209
2006-10-21,Malaysia,42,11,31
2006-10-22,Malaysia,219,138,81
2006-10-23,Malaysia,72,24,48
2006-10-24,Malaysia,18,0,18
2006-10-25,Malaysia,47,4,43
2006-10-26,Malaysia,169,32,137
2006-10-27,Malaysia,261,135,126
2006-10-28,Malaysia,307,170,137
2006-10-29,Malaysia,792,506,286
2006-10-30,Malaysia,348,127,221
2006-10-31,Malaysia,333,98,235
2006-11-01,Malaysia,546,268,278
2006-11-02,Malaysia,498,343,155
2006-11-03,Malaysia,791,543,248
2006-11-04,Malaysia,292,165,127
2006-11-05,Malaysia,672,428,244
2006-11-06,Malaysia,437,232,205
2006-11-07,Malaysia,749,251,498
2006-11-08,Malaysia,692,378,314
2006-11-09,Malaysia,962,624,338
2006-11-10,Malaysia,559,251,308
2006-11-11,Malaysia,274,151,123
2006-11-12,Malaysia,889,479,410
2006-11-13,Malaysia,386,196,190
2006-11-14,Malaysia,824,445,379
2006-11-15,Malaysia,479,307,172
2006-11-16,Malaysia,839,591,248
2006-11-17,Malaysia,618,381,237
2006-11-18,Malaysia,247,147,100
2006-11-19,Malaysia,645,400,245
2006-11-20,Malaysia,847,459,388
2006-11-21,Malaysia,921,438,483
2006-11-22,Malaysia,1414,582,832
2006-11-23,Malaysia,1754,1003,751
2006-11-24,Malaysia,1079,544,535
2006-11-25,Malaysia,357,126,231
2006-11-26,Malaysia,719,434,285
2006-11-27,Malaysia,437,278,159
2006-11-28,Malaysia,514,185,329
2006-11-29,Malaysia,376,223,153
2006-11-30,Malaysia,877,457,420
2006-12-01,Malaysia,597,423,174
2006-12-02,Malaysia,464,305,159
2006-12-03,Malaysia,1267,687,580
2006-12-04,Malaysia,225,89,136
2006-12-05,Malaysia,455,180,275
2006-12-06,Malaysia,491,289,202
2006-12-07,Malaysia,458,146,312
2006-12-08,Malaysia,374,183,191
2006-12-09,Malaysia,379,252,127
2006-12-10,Malaysia,667,353,314
2006-12-11,Malaysia,360,137,223
2006-12-12,Malaysia,668,338,330
2006-12-13,Malaysia,728,406,322
2006-12-14,Malaysia,805,412,393
2006-12-15,Malaysia,332,150,182
2006-12-16,Malaysia,337,188,149
2006-12-17,Malaysia,778,580,198
2006-12-18,Malaysia,200,57,143
2006-12-19,Malaysia,579,186,393
2006-12-20,Malaysia,888,536,352
2006-12-21,Malaysia,972,587,385
2006-12-22,Malaysia,457,285,172
2006-12-23,Malaysia,410,232,178
2006-12-24,Malaysia,443,290,153
2006-12-25,Malaysia,91,51,40
2006-12-26,Malaysia,375,132,243
2006-12-27,Malaysia,553,237,316
2006-12-28,Malaysia,549,238,311
2006-12-29,Malaysia,1114,499,615
2006-12-30,Malaysia,345,156,189
2006-12-31,Malaysia,83,54,29
2007-01-01,Malaysia,192,138,54
2007-01-02,Malaysia,545,203,342
2007-01-03,Malaysia,398,196,202
2007-01-04,Malaysia,789,513,276
2007-01-05,Malaysia,239,124,115
2007-01-06,Malaysia,540,217,323
2007-01-07,Malaysia,888,550,338
2007-01-08,Malaysia,948,492,456
2007-01-09,Malaysia,1033,557,476
2007-01-10,Malaysia,1477,810,667
2007-01-11,Malaysia,1195,727,468
2007-01-12,Malaysia,379,149,230
2007-01-13,Malaysia,595,376,219
2007-01-14,Malaysia,597,292,305
2007-01-15,Malaysia,726,385,341
2007-01-16,Malaysia,1215,754,461
2007-01-17,Malaysia,940,450,490
2007-01-18,Malaysia,878,577,301
2007-01-19,Malaysia,520,122,398
2007-01-20,Malaysia,504,340,164
2007-01-21,Malaysia,928,582,346
2007-01-22,Malaysia,671,355,316
2007-01-23,Malaysia,1074,659,415
2007-01-24,Malaysia,1284,767,517
2007-01-25,Malaysia,1147,683,464
2007-01-26,Malaysia,984,538,446
2007-01-27,Malaysia,507,305,202
2007-01-28,Malaysia,914,494,420
2007-01-29,Malaysia,281,125,156
2007-01-30,Malaysia,1041,615,426
2007-01-31,Malaysia,1611,1024,587
2007-02-01,Malaysia,2182,1585,597
2007-02-02,Malaysia,268,108,160
2007-02-03,Malaysia,1173,739,434
2007-02-04,Malaysia,689,377,312
2007-02-05,Malaysia,471,265,206
2007-02-06,Malaysia,940,544,396
2007-02-07,Malaysia,1124,654,470
2007-02-08,Malaysia,915,595,320
2007-02-09,Malaysia,1226,1034,192
2007-02-10,Malaysia,1969,1737,232
2007-02-11,Malaysia,3215,2841,374
2007-02-12,Malaysia,1016,462,554
2007-02-13,Malaysia,886,394,492
2007-02-14,Malaysia,1442,701,741
2007-02-15,Malaysia,1022,718,304
2007-02-16,Malaysia,693,481,212
2007-02-17,Malaysia,221,132,89
2007-02-18,Malaysia,167,126,41
2007-02-19,Malaysia,210,163,47
2007-02-20,Malaysia,192,112,80
2007-02-21,Malaysia,497,239,258
2007-02-22,Malaysia,456,243,213
2007-02-23,Malaysia,418,232,186
2007-02-24,Malaysia,1418,1110,308
2007-02-25,Malaysia,385,250,135
2007-02-26,Malaysia,643,301,342
2007-02-27,Malaysia,668,413,255
2007-02-28,Malaysia,1582,1152,430
2007-03-01,Malaysia,886,432,454
2007-03-02,Malaysia,440,264,176
2007-03-03,Malaysia,273,150,123
2007-03-04,Malaysia,327,211,116
2007-03-05,Malaysia,705,376,329
2007-03-06,Malaysia,1327,564,763
2007-03-07,Malaysia,880,452,428
2007-03-08,Malaysia,994,516,478
2007-03-09,Malaysia,816,479,337
2007-03-10,Malaysia,573,353,220
2007-03-11,Malaysia,692,419,273
2007-03-12,Malaysia,628,306,322
2007-03-13,Malaysia,722,354,368
2007-03-14,Malaysia,823,505,318
2007-03-15,Malaysia,729,281,448
2007-03-16,Malaysia,316,134,182
2007-03-17,Malaysia,401,248,153
2007-03-18,Malaysia,792,461,331
2007-03-19,Malaysia,348,112,236
2007-03-20,Malaysia,401,274,127
2007-03-21,Malaysia,696,425,271
2007-03-22,Malaysia,1209,608,601
2007-03-23,Malaysia,762,249,513
2007-03-24,Malaysia,904,453,451
2007-03-25,Malaysia,1365,670,695
2007-03-26,Malaysia,522,187,335
2007-03-27,Malaysia,919,456,463
2007-03-28,Malaysia,1307,520,787
2007-03-29,Malaysia,1188,529,659
2007-03-30,Malaysia,805,345,460
2007-03-31,Malaysia,262,163,99
2007-04-01,Malaysia,557,386,171
2007-04-02,Malaysia,240,82,158
2007-04-03,Malaysia,706,347,359
2007-04-04,Malaysia,901,483,418
2007-04-05,Malaysia,982,442,540
2007-04-06,Malaysia,482,291,191
2007-04-07,Malaysia,855,655,200
2007-04-08,Malaysia,1176,617,559
2007-04-09,Malaysia,381,143,238
2007-04-10,Malaysia,821,632,189
2007-04-11,Malaysia,377,228,149
2007-04-12,Malaysia,506,264,242
2007-04-13,Malaysia,462,218,244
2007-04-14,Malaysia,581,300,281
2007-04-15,Malaysia,887,473,414
2007-04-16,Malaysia,330,124,206
2007-04-17,Malaysia,752,337,415
2007-04-18,Malaysia,855,341,514
2007-04-19,Malaysia,980,562,418
2007-04-20,Malaysia,306,199,107
2007-04-21,Malaysia,458,256,202
2007-04-22,Malaysia,1391,769,622
2007-04-23,Malaysia,498,305,193
2007-04-24,Malaysia,467,309,158
2007-04-25,Malaysia,1102,707,395
2007-04-26,Malaysia,47,36,11
2007-04-27,Malaysia,313,134,179
2007-04-28,Malaysia,703,477,226
2007-04-29,Malaysia,1567,980,587
2007-04-30,Malaysia,506,249,257
2007-05-01,Malaysia,1773,960,813
2007-05-02,Malaysia,19,13,6
2007-05-03,Malaysia,304,114,190
2007-05-04,Malaysia,433,177,256
2007-05-05,Malaysia,815,502,313
2007-05-06,Malaysia,778,518,260
2007-05-07,Malaysia,421,188,233
2007-05-08,Malaysia,500,289,211
2007-05-09,Malaysia,873,545,328
2007-05-10,Malaysia,1162,523,639
2007-05-11,Malaysia,333,120,213
2007-05-12,Malaysia,542,318,224
2007-05-13,Malaysia,1705,706,999
2007-05-14,Malaysia,600,368,232
2007-05-15,Malaysia,665,354,311
2007-05-16,Malaysia,444,237,207
2007-05-17,Malaysia,588,320,268
2007-05-18,Malaysia,520,257,263
2007-05-19,Malaysia,813,550,263
2007-05-20,Malaysia,1005,433,572
2007-05-21,Malaysia,442,273,169
2007-05-22,Malaysia,474,334,140
2007-05-23,Malaysia,749,232,517
2007-05-24,Malaysia,613,359,254
2007-05-25,Malaysia,854,534,320
2007-05-26,Malaysia,637,419,218
2007-05-27,Malaysia,614,386,228
2007-05-28,Malaysia,397,166,231
2007-05-29,Malaysia,469,231,238
2007-05-30,Malaysia,423,127,296
2007-05-31,Malaysia,736,417,319
2007-06-01,Malaysia,437,278,159
2007-06-02,Malaysia,459,236,223
2007-06-03,Malaysia,652,331,321
2007-06-04,Malaysia,381,188,193
2007-06-05,Malaysia,648,345,303
2007-06-06,Malaysia,753,387,366
2007-06-07,Malaysia,1051,423,628
2007-06-08,Malaysia,790,493,297
2007-06-09,Malaysia,622,445,177
2007-06-10,Malaysia,1477,798,679
2007-06-11,Malaysia,558,289,269
2007-06-12,Malaysia,575,386,189
2007-06-13,Malaysia,879,395,484
2007-06-14,Malaysia,572,288,284
2007-06-15,Malaysia,610,290,320
2007-06-16,Malaysia,614,381,233
2007-06-17,Malaysia,1307,647,660
2007-06-18,Malaysia,483,221,262
2007-06-19,Malaysia,421,206,215
2007-06-20,Malaysia,800,352,448
2007-06-21,Malaysia,727,474,253
2007-06-22,Malaysia,579,271,308
2007-06-23,Malaysia,695,449,246
2007-06-24,Malaysia,1018,526,492
2007-06-25,Malaysia,406,182,224
2007-06-26,Malaysia,598,291,307
2007-06-27,Malaysia,648,409,239
2007-06-28,Malaysia,577,352,225
2007-06-29,Malaysia,399,208,191
2007-06-30,Malaysia,336,186,150
2007-07-01,Malaysia,885,525,360
2007-07-02,Malaysia,499,308,191
2007-07-03,Malaysia,462,158,304
2007-07-04,Malaysia,869,458,411
2007-07-05,Malaysia,711,385,326
2007-07-06,Malaysia,1225,714,511
2007-07-07,Malaysia,1311,748,563
2007-07-08,Malaysia,1257,847,410
2007-07-09,Malaysia,538,221,317
2007-07-10,Malaysia,1135,464,671
2007-07-11,Malaysia,1332,551,781
2007-07-12,Malaysia,1374,615,759
2007-07-13,Malaysia,1164,564,600
2007-07-14,Malaysia,607,408,199
2007-07-15,Malaysia,890,453,437
2007-07-16,Malaysia,463,291,172
2007-07-17,Malaysia,1316,811,505
2007-07-18,Malaysia,801,423,378
2007-07-19,Malaysia,945,555,390
2007-07-20,Malaysia,679,381,298
2007-07-21,Malaysia,920,681,239
2007-07-22,Malaysia,908,487,421
2007-07-23,Malaysia,665,343,322
2007-07-24,Malaysia,1207,793,414
2007-07-25,Malaysia,831,535,296
2007-07-26,Malaysia,1234,748,486
2007-07-27,Malaysia,657,388,269
2007-07-28,Malaysia,1321,752,569
2007-07-29,Malaysia,649,412,237
2007-07-30,Malaysia,499,190,309
2007-07-31,Malaysia,767,469,298
2007-08-01,Malaysia,987,508,479
2007-08-02,Malaysia,772,286,486
2007-08-03,Malaysia,459,270,189
2007-08-04,Malaysia,1004,519,485
2007-08-05,Malaysia,1163,690,473
2007-08-06,Malaysia,474,205,269
2007-08-07,Malaysia,1097,615,482
2007-08-08,Malaysia,746,469,277
2007-08-09,Malaysia,817,450,367
2007-08-10,Malaysia,500,259,241
2007-08-11,Malaysia,748,464,284
2007-08-12,Malaysia,1195,697,498
2007-08-13,Malaysia,473,270,203
2007-08-14,Malaysia,676,400,276
2007-08-15,Malaysia,1082,745,337
2007-08-16,Malaysia,1097,688,409
2007-08-17,Malaysia,723,454,269
2007-08-18,Malaysia,929,668,261
2007-08-19,Malaysia,1041,661,380
2007-08-20,Malaysia,520,319,201
2007-08-21,Malaysia,1412,666,746
2007-08-22,Malaysia,1280,657,623
2007-08-23,Malaysia,982,534,448
2007-08-24,Malaysia,582,267,315
2007-08-25,Malaysia,689,443,246
2007-08-26,Malaysia,1350,876,474
2007-08-27,Malaysia,369,155,214
2007-08-28,Malaysia,1006,486,520
2007-08-29,Malaysia,1133,606,527
2007-08-30,Malaysia,591,269,322
2007-08-31,Malaysia,761,424,337
2007-09-01,Malaysia,376,267,109
2007-09-02,Malaysia,1162,573,589
2007-09-03,Malaysia,523,265,258
2007-09-04,Malaysia,1246,690,556
2007-09-05,Malaysia,1075,508,567
2007-09-06,Malaysia,1159,568,591
2007-09-07,Malaysia,1101,544,557
2007-09-08,Malaysia,1683,1179,504
2007-09-09,Malaysia,1581,782,799
2007-09-10,Malaysia,1181,650,531
2007-09-11,Malaysia,1437,671,766
2007-09-12,Malaysia,933,408,525
2007-09-13,Malaysia,152,60,92
2007-09-14,Malaysia,162,75,87
2007-09-15,Malaysia,269,137,132
2007-09-16,Malaysia,1095,720,375
2007-09-17,Malaysia,196,42,154
2007-09-18,Malaysia,303,148,155
2007-09-19,Malaysia,399,181,218
2007-09-20,Malaysia,363,199,164
2007-09-21,Malaysia,348,135,213
2007-09-22,Malaysia,240,111,129
2007-09-23,Malaysia,1447,597,850
2007-09-24,Malaysia,299,42,257
2007-09-25,Malaysia,288,158,130
2007-09-26,Malaysia,546,352,194
2007-09-27,Malaysia,683,426,257
2007-09-28,Malaysia,598,246,352
2007-09-29,Malaysia,187,100,87
2007-09-30,Malaysia,1426,754,672
2007-10-01,Malaysia,249,91,158
2007-10-02,Malaysia,362,216,146
2007-10-03,Malaysia,350,131,219
2007-10-04,Malaysia,537,302,235
2007-10-05,Malaysia,678,314,364
2007-10-06,Malaysia,500,256,244
2007-10-07,Malaysia,1220,683,537
2007-10-08,Malaysia,614,305,309
2007-10-09,Malaysia,647,327,320
2007-10-10,Malaysia,533,275,258
2007-10-11,Malaysia,562,289,273
2007-10-12,Malaysia,178,64,114
2007-10-13,Malaysia,41,13,28
2007-10-14,Malaysia,100,61,39
2007-10-15,Malaysia,153,63,90
2007-10-16,Malaysia,300,135,165
2007-10-17,Malaysia,434,211,223
2007-10-18,Malaysia,575,311,264
2007-10-19,Malaysia,372,133,239
2007-10-20,Malaysia,574,349,225
2007-10-21,Malaysia,1264,636,628
2007-10-22,Malaysia,551,247,304
2007-10-23,Malaysia,920,426,494
2007-10-24,Malaysia,1067,497,570
2007-10-25,Malaysia,1570,955,615
2007-10-26,Malaysia,754,390,364
2007-10-27,Malaysia,813,497,316
2007-10-28,Malaysia,1893,983,910
2007-10-29,Malaysia,592,237,355
2007-10-30,Malaysia,933,532,401
2007-10-31,Malaysia,627,358,269
2007-11-01,Malaysia,595,334,261
2007-11-02,Malaysia,817,416,401
2007-11-03,Malaysia,503,255,248
2007-11-04,Malaysia,1310,741,569
2007-11-05,Malaysia,492,227,265
2007-11-06,Malaysia,793,393,400
2007-11-07,Malaysia,1021,691,330
2007-11-08,Malaysia,288,176,112
2007-11-09,Malaysia,443,215,228
2007-11-10,Malaysia,420,267,153
2007-11-11,Malaysia,1070,506,564
2007-11-12,Malaysia,423,213,210
2007-11-13,Malaysia,671,266,405
2007-11-14,Malaysia,618,337,281
2007-11-15,Malaysia,998,528,470
2007-11-16,Malaysia,609,351,258
2007-11-17,Malaysia,562,339,223
2007-11-18,Malaysia,1046,512,534
2007-11-19,Malaysia,1095,384,711
2007-11-20,Malaysia,1333,602,731
2007-11-21,Malaysia,1025,429,596
2007-11-22,Malaysia,1583,888,695
2007-11-23,Malaysia,1562,767,795
2007-11-24,Malaysia,812,499,313
2007-11-25,Malaysia,1250,625,625
2007-11-26,Malaysia,492,238,254
2007-11-27,Malaysia,563,286,277
2007-11-28,Malaysia,841,493,348
2007-11-29,Malaysia,831,445,386
2007-11-30,Malaysia,516,211,305
2007-12-01,Malaysia,1043,836,207
2007-12-02,Malaysia,1366,705,661
2007-12-03,Malaysia,605,349,256
2007-12-04,Malaysia,934,589,345
2007-12-05,Malaysia,867,490,377
2007-12-06,Malaysia,1117,575,542
2007-12-07,Malaysia,725,364,361
2007-12-08,Malaysia,352,199,153
2007-12-09,Malaysia,1193,657,536
2007-12-10,Malaysia,571,295,276
2007-12-11,Malaysia,524,271,253
2007-12-12,Malaysia,897,455,442
2007-12-13,Malaysia,1400,654,746
2007-12-14,Malaysia,786,433,353
2007-12-15,Malaysia,766,448,318
2007-12-16,Malaysia,1334,709,625
2007-12-17,Malaysia,618,283,335
2007-12-18,Malaysia,555,283,272
2007-12-19,Malaysia,315,138,177
2007-12-20,Malaysia,3,0,3
2007-12-21,Malaysia,325,74,251
2007-12-22,Malaysia,456,295,161
2007-12-23,Malaysia,1246,534,712
2007-12-24,Malaysia,317,95,222
2007-12-25,Malaysia,254,166,88
2007-12-26,Malaysia,385,162,223
2007-12-27,Malaysia,879,482,397
2007-12-28,Malaysia,739,358,381
2007-12-29,Malaysia,620,342,278
2007-12-30,Malaysia,926,475,451
2007-12-31,Malaysia,376,141,235
2008-01-01,Malaysia,299,173,126
2008-01-02,Malaysia,479,213,266
2008-01-03,Malaysia,739,349,390
2008-01-04,Malaysia,473,260,213
2008-01-05,Malaysia,578,261,317
2008-01-06,Malaysia,737,413,324
2008-01-07,Malaysia,723,381,342
2008-01-08,Malaysia,853,476,377
2008-01-09,Malaysia,845,413,432
2008-01-10,Malaysia,476,288,188
2008-01-11,Malaysia,582,322,260
2008-01-12,Malaysia,1050,461,589
2008-01-13,Malaysia,1305,629,676
2008-01-14,Malaysia,945,449,496
2008-01-15,Malaysia,1384,763,621
2008-01-16,Malaysia,1708,946,762
2008-01-17,Malaysia,1571,871,700
2008-01-18,Malaysia,834,472,362
2008-01-19,Malaysia,816,522,294
2008-01-20,Malaysia,1452,783,669
2008-01-21,Malaysia,944,506,438
2008-01-22,Malaysia,1039,619,420
2008-01-23,Malaysia,1967,1068,899
2008-01-24,Malaysia,1512,765,747
2008-01-25,Malaysia,835,404,431
2008-01-26,Malaysia,1018,605,413
2008-01-27,Malaysia,971,563,408
2008-01-28,Malaysia,1048,513,535
2008-01-29,Malaysia,1518,905,613
2008-01-30,Malaysia,1509,807,702
2008-01-31,Malaysia,1526,1007,519
2008-02-01,Malaysia,795,610,185
2008-02-02,Malaysia,662,390,272
2008-02-03,Malaysia,456,332,124
2008-02-04,Malaysia,730,373,357
2008-02-05,Malaysia,991,636,355
2008-02-06,Malaysia,894,512,382
2008-02-07,Malaysia,267,164,103
2008-02-08,Malaysia,251,148,103
2008-02-09,Malaysia,1032,912,120
2008-02-10,Malaysia,458,261,197
2008-02-11,Malaysia,683,265,418
2008-02-12,Malaysia,882,408,474
2008-02-13,Malaysia,1669,971,698
2008-02-14,Malaysia,1297,738,559
2008-02-15,Malaysia,684,378,306
2008-02-16,Malaysia,840,549,291
2008-02-17,Malaysia,973,545,428
2008-02-18,Malaysia,701,365,336
2008-02-19,Malaysia,1407,935,472
2008-02-20,Malaysia,1251,740,511
2008-02-21,Malaysia,1641,944,697
2008-02-22,Malaysia,975,601,374
2008-02-23,Malaysia,2170,1953,217
2008-02-24,Malaysia,953,629,324
2008-02-25,Malaysia,456,243,213
2008-02-26,Malaysia,1172,700,472
2008-02-27,Malaysia,1132,573,559
2008-02-28,Malaysia,1207,692,515
2008-02-29,Malaysia,721,445,276
2008-03-01,Malaysia,779,501,278
2008-03-02,Malaysia,1189,632,557
2008-03-03,Malaysia,770,497,273
2008-03-04,Malaysia,975,569,406
2008-03-05,Malaysia,820,517,303
2008-03-06,Malaysia,674,426,248
2008-03-07,Malaysia,605,398,207
2008-03-08,Malaysia,42,8,34
2008-03-09,Malaysia,645,280,365
2008-03-10,Malaysia,525,324,201
2008-03-11,Malaysia,650,327,323
2008-03-12,Malaysia,1146,710,436
2008-03-13,Malaysia,1273,781,492
2008-03-14,Malaysia,464,206,258
2008-03-15,Malaysia,1048,634,414
2008-03-16,Malaysia,1761,978,783
2008-03-17,Malaysia,1151,638,513
2008-03-18,Malaysia,1246,720,526
2008-03-19,Malaysia,936,696,240
2008-03-20,Malaysia,195,126,69
2008-03-21,Malaysia,674,256,418
2008-03-22,Malaysia,594,358,236
2008-03-23,Malaysia,1654,809,845
2008-03-24,Malaysia,868,384,484
2008-03-25,Malaysia,1569,915,654
2008-03-26,Malaysia,1405,734,671
2008-03-27,Malaysia,1502,859,643
2008-03-28,Malaysia,1023,515,508
2008-03-29,Malaysia,891,504,387
2008-03-30,Malaysia,1052,526,526
2008-03-31,Malaysia,528,299,229
2008-04-01,Malaysia,936,493,443
2008-04-02,Malaysia,1937,1228,709
2008-04-03,Malaysia,1235,579,656
2008-04-04,Malaysia,626,350,276
2008-04-05,Malaysia,513,284,229
2008-04-06,Malaysia,1306,809,497
2008-04-07,Malaysia,822,465,357
2008-04-08,Malaysia,1104,659,445
2008-04-09,Malaysia,741,405,336
2008-04-10,Malaysia,744,361,383
2008-04-11,Malaysia,594,298,296
2008-04-12,Malaysia,566,323,243
2008-04-13,Malaysia,1734,1006,728
2008-04-14,Malaysia,854,393,461
2008-04-15,Malaysia,726,379,347
2008-04-16,Malaysia,1814,1092,722
2008-04-17,Malaysia,1177,624,553
2008-04-18,Malaysia,791,432,359
2008-04-19,Malaysia,796,517,279
2008-04-20,Malaysia,1570,749,821
2008-04-21,Malaysia,896,476,420
2008-04-22,Malaysia,980,588,392
2008-04-23,Malaysia,857,544,313
2008-04-24,Malaysia,597,350,247
2008-04-25,Malaysia,809,424,385
2008-04-26,Malaysia,690,382,308
2008-04-27,Malaysia,1372,688,684
2008-04-28,Malaysia,602,318,284
2008-04-29,Malaysia,753,430,323
2008-04-30,Malaysia,882,524,358
2008-05-01,Malaysia,2014,776,1238
2008-05-02,Malaysia,248,78,170
2008-05-03,Malaysia,447,230,217
2008-05-04,Malaysia,1673,669,1004
2008-05-05,Malaysia,618,324,294
2008-05-06,Malaysia,793,350,443
2008-05-07,Malaysia,920,543,377
2008-05-08,Malaysia,1272,731,541
2008-05-09,Malaysia,1164,690,474
2008-05-10,Malaysia,740,403,337
2008-05-11,Malaysia,882,488,394
2008-05-12,Malaysia,653,360,293
2008-05-13,Malaysia,962,553,409
2008-05-14,Malaysia,1049,580,469
2008-05-15,Malaysia,1211,648,563
2008-05-16,Malaysia,846,433,413
2008-05-17,Malaysia,1965,1722,243
2008-05-18,Malaysia,1628,907,721
2008-05-19,Malaysia,2055,1079,976
2008-05-20,Malaysia,564,277,287
2008-05-21,Malaysia,875,423,452
2008-05-22,Malaysia,1049,585,464
2008-05-23,Malaysia,615,332,283
2008-05-24,Malaysia,676,508,168
2008-05-25,Malaysia,1307,691,616
2008-05-26,Malaysia,606,306,300
2008-05-27,Malaysia,484,213,271
2008-05-28,Malaysia,1256,675,581
2008-05-29,Malaysia,780,376,404
2008-05-30,Malaysia,637,286,351
2008-05-31,Malaysia,470,296,174
2008-06-01,Malaysia,519,213,306
2008-06-02,Malaysia,308,90,218
2008-06-03,Malaysia,715,363,352
2008-06-04,Malaysia,544,264,280
2008-06-05,Malaysia,581,252,329
2008-06-06,Malaysia,647,228,419
2008-06-07,Malaysia,629,340,289
2008-06-08,Malaysia,1160,636,524
2008-06-09,Malaysia,412,165,247
2008-06-10,Malaysia,752,414,338
2008-06-11,Malaysia,1022,550,472
2008-06-12,Malaysia,1138,536,602
2008-06-13,Malaysia,454,153,301
2008-06-14,Malaysia,1063,739,324
2008-06-15,Malaysia,1987,861,1126
2008-06-16,Malaysia,664,345,319
2008-06-17,Malaysia,493,258,235
2008-06-18,Malaysia,790,535,255
2008-06-19,Malaysia,971,590,381
2008-06-20,Malaysia,818,410,408
2008-06-21,Malaysia,1042,573,469
2008-06-22,Malaysia,2002,966,1036
2008-06-23,Malaysia,509,263,246
2008-06-24,Malaysia,917,474,443
2008-06-25,Malaysia,955,505,450
2008-06-26,Malaysia,1056,609,447
2008-06-27,Malaysia,723,342,381
2008-06-28,Malaysia,969,606,363
2008-06-29,Malaysia,1049,529,520
2008-06-30,Malaysia,740,441,299
2008-07-01,Malaysia,572,260,312
2008-07-02,Malaysia,635,341,294
2008-07-03,Malaysia,724,415,309
2008-07-04,Malaysia,655,321,334
2008-07-05,Malaysia,647,344,303
2008-07-06,Malaysia,1543,786,757
2008-07-07,Malaysia,680,340,340
2008-07-08,Malaysia,1102,640,462
2008-07-09,Malaysia,882,540,342
2008-07-10,Malaysia,871,511,360
2008-07-11,Malaysia,533,262,271
2008-07-12,Malaysia,825,586,239
2008-07-13,Malaysia,1604,682,922
2008-07-14,Malaysia,792,422,370
2008-07-15,Malaysia,976,519,457
2008-07-16,Malaysia,1165,599,566
2008-07-17,Malaysia,1357,657,700
2008-07-18,Malaysia,729,290,439
2008-07-19,Malaysia,737,430,307
2008-07-20,Malaysia,1251,667,584
2008-07-21,Malaysia,1143,591,552
2008-07-22,Malaysia,1106,571,535
2008-07-23,Malaysia,994,535,459
2008-07-24,Malaysia,1313,717,596
2008-07-25,Malaysia,865,386,479
2008-07-26,Malaysia,1500,857,643
2008-07-27,Malaysia,1546,933,613
2008-07-28,Malaysia,964,560,404
2008-07-29,Malaysia,1274,607,667
2008-07-30,Malaysia,1906,1065,841
2008-07-31,Malaysia,1568,783,785
2008-08-01,Malaysia,950,388,562
2008-08-02,Malaysia,834,506,328
2008-08-03,Malaysia,1541,781,760
2008-08-04,Malaysia,914,497,417
2008-08-05,Malaysia,1900,1313,587
2008-08-06,Malaysia,1311,776,535
2008-08-07,Malaysia,1539,954,585
2008-08-08,Malaysia,939,456,483
2008-08-09,Malaysia,977,597,380
2008-08-10,Malaysia,2328,1159,1169
2008-08-11,Malaysia,814,429,385
2008-08-12,Malaysia,1536,890,646
2008-08-13,Malaysia,1424,664,760
2008-08-14,Malaysia,1289,660,629
2008-08-15,Malaysia,423,194,229
2008-08-16,Malaysia,1177,999,178
2008-08-17,Malaysia,1624,736,888
2008-08-18,Malaysia,445,216,229
2008-08-19,Malaysia,773,403,370
2008-08-20,Malaysia,1328,686,642
2008-08-21,Malaysia,1889,1176,713
2008-08-22,Malaysia,812,423,389
2008-08-23,Malaysia,1202,959,243
2008-08-24,Malaysia,1554,731,823
2008-08-25,Malaysia,1472,795,677
2008-08-26,Malaysia,1426,727,699
2008-08-27,Malaysia,1894,991,903
2008-08-28,Malaysia,1676,922,754
2008-08-29,Malaysia,1229,574,655
2008-08-30,Malaysia,2645,1582,1063
2008-08-31,Malaysia,1940,982,958
2008-09-01,Malaysia,500,229,271
2008-09-02,Malaysia,142,61,81
2008-09-03,Malaysia,206,68,138
2008-09-04,Malaysia,313,195,118
2008-09-05,Malaysia,428,198,230
2008-09-06,Malaysia,439,223,216
2008-09-07,Malaysia,1518,713,805
2008-09-08,Malaysia,277,107,170
2008-09-09,Malaysia,587,335,252
2008-09-10,Malaysia,416,197,219
2008-09-11,Malaysia,220,72,148
2008-09-12,Malaysia,388,138,250
2008-09-13,Malaysia,489,340,149
2008-09-14,Malaysia,939,520,419
2008-09-15,Malaysia,661,296,365
2008-09-16,Malaysia,456,245,211
2008-09-17,Malaysia,363,162,201
2008-09-18,Malaysia,1043,617,426
2008-09-19,Malaysia,589,293,296
2008-09-20,Malaysia,574,311,263
2008-09-21,Malaysia,2025,767,1258
2008-09-22,Malaysia,396,176,220
2008-09-23,Malaysia,801,445,356
2008-09-24,Malaysia,465,238,227
2008-09-25,Malaysia,558,274,284
2008-09-26,Malaysia,495,128,367
2008-09-27,Malaysia,660,332,328
2008-09-28,Malaysia,1740,750,990
2008-09-29,Malaysia,253,79,174
2008-09-30,Malaysia,153,48,105
2008-10-01,Malaysia,30,11,19
2008-10-02,Malaysia,83,24,59
2008-10-03,Malaysia,290,86,204
2008-10-04,Malaysia,310,162,148
2008-10-05,Malaysia,855,380,475
2008-10-06,Malaysia,371,113,258
2008-10-07,Malaysia,812,415,397
2008-10-08,Malaysia,1146,516,630
2008-10-09,Malaysia,924,446,478
2008-10-10,Malaysia,761,256,505
2008-10-11,Malaysia,1147,631,516
2008-10-12,Malaysia,1867,992,875
2008-10-13,Malaysia,586,232,354
2008-10-14,Malaysia,839,386,453
2008-10-15,Malaysia,1854,1117,737
2008-10-16,Malaysia,1449,797,652
2008-10-17,Malaysia,581,215,366
2008-10-18,Malaysia,1273,942,331
2008-10-19,Malaysia,1283,538,745
2008-10-20,Malaysia,1046,486,560
2008-10-21,Malaysia,675,317,358
2008-10-22,Malaysia,1419,627,792
2008-10-23,Malaysia,1548,774,774
2008-10-24,Malaysia,495,224,271
2008-10-25,Malaysia,695,446,249
2008-10-26,Malaysia,1305,579,726
2008-10-27,Malaysia,194,99,95
2008-10-28,Malaysia,592,230,362
2008-10-29,Malaysia,614,283,331
2008-10-30,Malaysia,719,368,351
2008-10-31,Malaysia,659,251,408
2008-11-01,Malaysia,612,304,308
2008-11-02,Malaysia,2260,1528,732
2008-11-03,Malaysia,344,97,247
2008-11-04,Malaysia,964,390,574
2008-11-05,Malaysia,1064,601,463
2008-11-06,Malaysia,1081,477,604
2008-11-07,Malaysia,933,434,499
2008-11-08,Malaysia,1023,656,367
2008-11-09,Malaysia,1629,793,836
2008-11-10,Malaysia,482,162,320
2008-11-11,Malaysia,1110,509,601
2008-11-12,Malaysia,723,330,393
2008-11-13,Malaysia,986,459,527
2008-11-14,Malaysia,840,382,458
2008-11-15,Malaysia,673,361,312
2008-11-16,Malaysia,1721,806,915
2008-11-17,Malaysia,456,178,278
2008-11-18,Malaysia,1035,620,415
2008-11-19,Malaysia,1131,657,474
2008-11-20,Malaysia,1079,575,504
2008-11-21,Malaysia,640,320,320
2008-11-22,Malaysia,920,494,426
2008-11-23,Malaysia,1418,737,681
2008-11-24,Malaysia,744,342,402
2008-11-25,Malaysia,1141,470,671
2008-11-26,Malaysia,1285,523,762
2008-11-27,Malaysia,1620,687,933
2008-11-28,Malaysia,1361,634,727
2008-11-29,Malaysia,616,378,238
2008-11-30,Malaysia,1322,590,732
2008-12-01,Malaysia,518,219,299
2008-12-02,Malaysia,673,283,390
2008-12-03,Malaysia,1019,462,557
2008-12-04,Malaysia,1270,513,757
2008-12-05,Malaysia,713,338,375
2008-12-06,Malaysia,837,441,396
2008-12-07,Malaysia,1619,577,1042
2008-12-08,Malaysia,45,15,30
2008-12-09,Malaysia,464,196,268
2008-12-10,Malaysia,532,237,295
2008-12-11,Malaysia,957,385,572
2008-12-12,Malaysia,684,313,371
2008-12-13,Malaysia,1045,646,399
2008-12-14,Malaysia,1556,632,924
2008-12-15,Malaysia,699,268,431
2008-12-16,Malaysia,1113,515,598
2008-12-17,Malaysia,1233,611,622
2008-12-18,Malaysia,1505,649,856
2008-12-19,Malaysia,927,488,439
2008-12-20,Malaysia,645,335,310
2008-12-21,Malaysia,1092,432,660
2008-12-22,Malaysia,790,362,428
2008-12-23,Malaysia,1005,455,550
2008-12-24,Malaysia,636,223,413
2008-12-25,Malaysia,301,123,178
2008-12-26,Malaysia,426,137,289
2008-12-27,Malaysia,564,273,291
2008-12-28,Malaysia,1239,508,731
2008-12-29,Malaysia,130,84,46
2008-12-30,Malaysia,479,150,329
2008-12-31,Malaysia,806,305,501
2009-01-01,Malaysia,533,280,253
2009-01-02,Malaysia,872,316,556
2009-01-03,Malaysia,259,113,146
2009-01-04,Malaysia,860,343,517
2009-01-05,Malaysia,564,175,389
2009-01-06,Malaysia,790,302,488
2009-01-07,Malaysia,1116,443,673
2009-01-08,Malaysia,1122,497,625
2009-01-09,Malaysia,1403,750,653
2009-01-10,Malaysia,1107,613,494
2009-01-11,Malaysia,1475,755,720
2009-01-12,Malaysia,1245,715,530
2009-01-13,Malaysia,1467,690,777
2009-01-14,Malaysia,1853,897,956
2009-01-15,Malaysia,1437,778,659
2009-01-16,Malaysia,927,564,363
2009-01-17,Malaysia,1063,646,417
2009-01-18,Malaysia,758,394,364
2009-01-19,Malaysia,796,375,421
2009-01-20,Malaysia,1245,562,683
2009-01-21,Malaysia,2055,929,1126
2009-01-22,Malaysia,1783,1034,749
2009-01-23,Malaysia,712,363,349
2009-01-24,Malaysia,577,285,292
2009-01-25,Malaysia,525,261,264
2009-01-26,Malaysia,358,190,168
2009-01-27,Malaysia,324,177,147
2009-01-28,Malaysia,758,294,464
2009-01-29,Malaysia,1244,600,644
2009-01-30,Malaysia,942,390,552
2009-01-31,Malaysia,1160,791,369
2009-02-01,Malaysia,771,374,397
2009-02-02,Malaysia,742,320,422
2009-02-03,Malaysia,893,407,486
2009-02-04,Malaysia,1690,845,845
2009-02-05,Malaysia,1629,842,787
2009-02-06,Malaysia,591,246,345
2009-02-07,Malaysia,1686,1278,408
2009-02-08,Malaysia,1876,1059,817
2009-02-09,Malaysia,733,404,329
2009-02-10,Malaysia,1079,452,627
2009-02-11,Malaysia,1641,928,713
2009-02-12,Malaysia,1189,555,634
2009-02-13,Malaysia,911,416,495
2009-02-14,Malaysia,1402,904,498
2009-02-15,Malaysia,1079,605,474
2009-02-16,Malaysia,998,507,491
2009-02-17,Malaysia,1115,526,589
2009-02-18,Malaysia,1279,543,736
2009-02-19,Malaysia,1353,664,689
2009-02-20,Malaysia,1339,573,766
2009-02-21,Malaysia,2529,2100,429
2009-02-22,Malaysia,1676,915,761
2009-02-23,Malaysia,1034,572,462
2009-02-24,Malaysia,1903,1144,759
2009-02-25,Malaysia,1813,967,846
2009-02-26,Malaysia,1168,618,550
2009-02-27,Malaysia,668,337,331
2009-02-28,Malaysia,1035,528,507
2009-03-01,Malaysia,1617,697,920
2009-03-02,Malaysia,604,264,340
2009-03-03,Malaysia,1339,716,623
2009-03-04,Malaysia,1172,632,540
2009-03-05,Malaysia,1124,599,525
2009-03-06,Malaysia,614,240,374
2009-03-07,Malaysia,1422,550,872
2009-03-08,Malaysia,1504,627,877
2009-03-09,Malaysia,263,144,119
2009-03-10,Malaysia,821,381,440
2009-03-11,Malaysia,760,365,395
2009-03-12,Malaysia,1229,604,625
2009-03-13,Malaysia,828,413,415
2009-03-14,Malaysia,569,305,264
2009-03-15,Malaysia,1735,780,955
2009-03-16,Malaysia,891,286,605
2009-03-17,Malaysia,986,301,685
2009-03-18,Malaysia,1174,447,727
2009-03-19,Malaysia,1290,587,703
2009-03-20,Malaysia,791,345,446
2009-03-21,Malaysia,858,463,395
2009-03-22,Malaysia,1696,719,977
2009-03-23,Malaysia,937,465,472
2009-03-24,Malaysia,981,464,517
2009-03-25,Malaysia,1203,560,643
2009-03-26,Malaysia,1881,823,1058
2009-03-27,Malaysia,760,266,494
2009-03-28,Malaysia,847,451,396
2009-03-29,Malaysia,1533,616,917
2009-03-30,Malaysia,750,324,426
2009-03-31,Malaysia,1032,563,469
2009-04-01,Malaysia,1301,587,714
2009-04-02,Malaysia,856,475,381
2009-04-03,Malaysia,682,330,352
2009-04-04,Malaysia,679,338,341
2009-04-05,Malaysia,1288,640,648
2009-04-06,Malaysia,501,189,312
2009-04-07,Malaysia,1194,513,681
2009-04-08,Malaysia,1106,606,500
2009-04-09,Malaysia,1287,612,675
2009-04-10,Malaysia,551,254,297
2009-04-11,Malaysia,1264,741,523
2009-04-12,Malaysia,1507,631,876
2009-04-13,Malaysia,753,256,497
2009-04-14,Malaysia,1366,578,788
2009-04-15,Malaysia,1268,611,657
2009-04-16,Malaysia,1343,715,628
2009-04-17,Malaysia,1055,482,573
2009-04-18,Malaysia,868,504,364
2009-04-19,Malaysia,1949,900,1049
2009-04-20,Malaysia,774,307,467
2009-04-21,Malaysia,933,402,531
2009-04-22,Malaysia,1333,683,650
2009-04-23,Malaysia,725,360,365
2009-04-24,Malaysia,874,327,547
2009-04-25,Malaysia,842,556,286
2009-04-26,Malaysia,1173,506,667
2009-04-27,Malaysia,658,270,388
2009-04-28,Malaysia,1229,599,630
2009-04-29,Malaysia,777,424,353
2009-04-30,Malaysia,885,468,417
2009-05-01,Malaysia,2434,802,1632
2009-05-02,Malaysia,645,334,311
2009-05-03,Malaysia,1133,386,747
2009-05-04,Malaysia,640,254,386
2009-05-05,Malaysia,676,248,428
2009-05-06,Malaysia,894,332,562
2009-05-07,Malaysia,793,345,448
2009-05-08,Malaysia,624,223,401
2009-05-09,Malaysia,2417,1047,1370
2009-05-10,Malaysia,1559,764,795
2009-05-11,Malaysia,594,199,395
2009-05-12,Malaysia,809,376,433
2009-05-13,Malaysia,1083,474,609
2009-05-14,Malaysia,1173,543,630
2009-05-15,Malaysia,1264,547,717
2009-05-16,Malaysia,1241,785,456
2009-05-17,Malaysia,1764,847,917
2009-05-18,Malaysia,503,156,347
2009-05-19,Malaysia,861,403,458
2009-05-20,Malaysia,877,383,494
2009-05-21,Malaysia,1005,480,525
2009-05-22,Malaysia,671,229,442
2009-05-23,Malaysia,1292,995,297
2009-05-24,Malaysia,1632,724,908
2009-05-25,Malaysia,784,354,430
2009-05-26,Malaysia,596,215,381
2009-05-27,Malaysia,1120,563,557
2009-05-28,Malaysia,1168,562,606
2009-05-29,Malaysia,867,310,557
2009-05-30,Malaysia,1087,729,358
2009-05-31,Malaysia,1695,704,991
2009-06-01,Malaysia,529,216,313
2009-06-02,Malaysia,605,257,348
2009-06-03,Malaysia,903,438,465
2009-06-04,Malaysia,834,376,458
2009-06-05,Malaysia,696,280,416
2009-06-06,Malaysia,592,247,345
2009-06-07,Malaysia,1392,620,772
2009-06-08,Malaysia,617,272,345
2009-06-09,Malaysia,640,301,339
2009-06-10,Malaysia,905,497,408
2009-06-11,Malaysia,808,319,489
2009-06-12,Malaysia,610,207,403
2009-06-13,Malaysia,625,300,325
2009-06-14,Malaysia,2275,831,1444
2009-06-15,Malaysia,881,419,462
2009-06-16,Malaysia,937,432,505
2009-06-17,Malaysia,1182,645,537
2009-06-18,Malaysia,1645,897,748
2009-06-19,Malaysia,762,376,386
2009-06-20,Malaysia,981,536,445
2009-06-21,Malaysia,1895,993,902
2009-06-22,Malaysia,636,315,321
2009-06-23,Malaysia,1127,658,469
2009-06-24,Malaysia,754,397,357
2009-06-25,Malaysia,1418,822,596
2009-06-26,Malaysia,808,350,458
2009-06-27,Malaysia,1375,774,601
2009-06-28,Malaysia,1573,634,939
2009-06-29,Malaysia,652,329,323
2009-06-30,Malaysia,907,497,410
2009-07-01,Malaysia,932,490,442
2009-07-02,Malaysia,946,509,437
2009-07-03,Malaysia,753,403,350
2009-07-04,Malaysia,618,298,320
2009-07-05,Malaysia,1466,653,813
2009-07-06,Malaysia,600,305,295
2009-07-07,Malaysia,1165,623,542
2009-07-08,Malaysia,934,608,326
2009-07-09,Malaysia,1065,604,461
2009-07-10,Malaysia,679,363,316
2009-07-11,Malaysia,847,443,404
2009-07-12,Malaysia,2031,810,1221
2009-07-13,Malaysia,710,345,365
2009-07-14,Malaysia,857,425,432
2009-07-15,Malaysia,1508,807,701
2009-07-16,Malaysia,1379,658,721
2009-07-17,Malaysia,923,389,534
2009-07-18,Malaysia,998,515,483
2009-07-19,Malaysia,1648,865,783
2009-07-20,Malaysia,618,240,378
2009-07-21,Malaysia,980,386,594
2009-07-22,Malaysia,1776,890,886
2009-07-23,Malaysia,1331,650,681
2009-07-24,Malaysia,1343,884,459
2009-07-25,Malaysia,1048,531,517
2009-07-26,Malaysia,1920,770,1150
2009-07-27,Malaysia,1098,625,473
2009-07-28,Malaysia,1051,488,563
2009-07-29,Malaysia,981,492,489
2009-07-30,Malaysia,1061,557,504
2009-07-31,Malaysia,1222,432,790
2009-08-01,Malaysia,994,618,376
2009-08-02,Malaysia,2011,921,1090
2009-08-03,Malaysia,1002,406,596
2009-08-04,Malaysia,1419,533,886
2009-08-05,Malaysia,1924,939,985
2009-08-06,Malaysia,1487,649,838
2009-08-07,Malaysia,1732,953,779
2009-08-08,Malaysia,1893,987,906
2009-08-09,Malaysia,1530,731,799
2009-08-10,Malaysia,906,457,449
2009-08-11,Malaysia,1137,498,639
2009-08-12,Malaysia,1464,699,765
2009-08-13,Malaysia,1524,846,678
2009-08-14,Malaysia,1320,633,687
2009-08-15,Malaysia,2767,1406,1361
2009-08-16,Malaysia,2125,923,1202
2009-08-17,Malaysia,1051,499,552
2009-08-18,Malaysia,1634,669,965
2009-08-19,Malaysia,1442,754,688
2009-08-20,Malaysia,1538,699,839
2009-08-21,Malaysia,1069,441,628
2009-08-22,Malaysia,206,81,125
2009-08-23,Malaysia,1467,596,871
2009-08-24,Malaysia,167,40,127
2009-08-25,Malaysia,335,137,198
2009-08-26,Malaysia,289,147,142
2009-08-27,Malaysia,682,250,432
2009-08-28,Malaysia,354,98,256
2009-08-29,Malaysia,390,206,184
2009-08-30,Malaysia,1027,370,657
2009-08-31,Malaysia,503,203,300
2009-09-01,Malaysia,351,116,235
2009-09-02,Malaysia,448,171,277
2009-09-03,Malaysia,604,282,322
2009-09-04,Malaysia,526,135,391
2009-09-05,Malaysia,746,317,429
2009-09-06,Malaysia,1868,679,1189
2009-09-07,Malaysia,424,137,287
2009-09-08,Malaysia,637,271,366
2009-09-09,Malaysia,1034,546,488
2009-09-10,Malaysia,749,277,472
2009-09-11,Malaysia,671,302,369
2009-09-12,Malaysia,975,600,375
2009-09-13,Malaysia,2510,968,1542
2009-09-14,Malaysia,533,206,327
2009-09-15,Malaysia,456,174,282
2009-09-16,Malaysia,584,252,332
2009-09-17,Malaysia,777,361,416
2009-09-18,Malaysia,473,136,337
2009-09-19,Malaysia,255,136,119
2009-09-20,Malaysia,182,52,130
2009-09-21,Malaysia,63,8,55
2009-09-22,Malaysia,144,32,112
2009-09-23,Malaysia,478,146,332
2009-09-24,Malaysia,567,186,381
2009-09-25,Malaysia,630,202,428
2009-09-26,Malaysia,866,391,475
2009-09-27,Malaysia,1939,742,1197
2009-09-28,Malaysia,855,365,490
2009-09-29,Malaysia,1169,540,629
2009-09-30,Malaysia,1327,598,729
2009-10-01,Malaysia,957,399,558
2009-10-02,Malaysia,922,487,435
2009-10-03,Malaysia,849,630,219
2009-10-04,Malaysia,1568,639,929
2009-10-05,Malaysia,697,251,446
2009-10-06,Malaysia,905,339,566
2009-10-07,Malaysia,1644,810,834
2009-10-08,Malaysia,1188,573,615
2009-10-09,Malaysia,977,515,462
2009-10-10,Malaysia,970,476,494
2009-10-11,Malaysia,1270,555,715
2009-10-12,Malaysia,651,230,421
2009-10-13,Malaysia,1867,1118,749
2009-10-14,Malaysia,1195,465,730
2009-10-15,Malaysia,1067,481,586
2009-10-16,Malaysia,718,290,428
2009-10-17,Malaysia,1289,609,680
2009-10-18,Malaysia,2060,959,1101
2009-10-19,Malaysia,526,116,410
2009-10-20,Malaysia,640,193,447
2009-10-21,Malaysia,1340,550,790
2009-10-22,Malaysia,1324,625,699
2009-10-23,Malaysia,719,255,464
2009-10-24,Malaysia,779,427,352
2009-10-25,Malaysia,1288,626,662
2009-10-26,Malaysia,691,253,438
2009-10-27,Malaysia,1269,505,764
2009-10-28,Malaysia,1445,770,675
2009-10-29,Malaysia,1589,669,920
2009-10-30,Malaysia,654,320,334
2009-10-31,Malaysia,1082,567,515
2009-11-01,Malaysia,1408,507,901
2009-11-02,Malaysia,482,124,358
2009-11-03,Malaysia,1046,493,553
2009-11-04,Malaysia,817,385,432
2009-11-05,Malaysia,905,379,526
2009-11-06,Malaysia,587,198,389
2009-11-07,Malaysia,727,376,351
2009-11-08,Malaysia,1699,673,1026
2009-11-09,Malaysia,514,196,318
2009-11-10,Malaysia,623,296,327
2009-11-11,Malaysia,1160,530,630
2009-11-12,Malaysia,1273,665,608
2009-11-13,Malaysia,1133,411,722
2009-11-14,Malaysia,1436,1038,398
2009-11-15,Malaysia,1997,841,1156
2009-11-16,Malaysia,1085,482,603
2009-11-17,Malaysia,1492,599,893
2009-11-18,Malaysia,1215,543,672
2009-11-19,Malaysia,1268,596,672
2009-11-20,Malaysia,1094,384,710
2009-11-21,Malaysia,936,499,437
2009-11-22,Malaysia,1328,477,851
2009-11-23,Malaysia,1379,507,872
2009-11-24,Malaysia,1416,592,824
2009-11-25,Malaysia,1230,421,809
2009-11-26,Malaysia,1138,379,759
2009-11-27,Malaysia,30,25,5
2009-11-28,Malaysia,408,230,178
2009-11-29,Malaysia,1172,477,695
2009-11-30,Malaysia,558,188,370
2009-12-01,Malaysia,910,365,545
2009-12-02,Malaysia,969,417,552
2009-12-03,Malaysia,1258,579,679
2009-12-04,Malaysia,907,307,600
2009-12-05,Malaysia,763,408,355
2009-12-06,Malaysia,1572,515,1057
2009-12-07,Malaysia,334,97,237
2009-12-08,Malaysia,673,308,365
2009-12-09,Malaysia,905,366,539
2009-12-10,Malaysia,1269,565,704
2009-12-11,Malaysia,709,270,439
2009-12-12,Malaysia,1115,579,536
2009-12-13,Malaysia,1672,610,1062
2009-12-14,Malaysia,626,245,381
2009-12-15,Malaysia,793,350,443
2009-12-16,Malaysia,1366,559,807
2009-12-17,Malaysia,1273,536,737
2009-12-18,Malaysia,693,243,450
2009-12-19,Malaysia,744,354,390
2009-12-20,Malaysia,1553,655,898
2009-12-21,Malaysia,628,219,409
2009-12-22,Malaysia,872,379,493
2009-12-23,Malaysia,1003,447,556
2009-12-24,Malaysia,868,347,521
2009-12-25,Malaysia,477,168,309
2009-12-26,Malaysia,956,465,491
2009-12-27,Malaysia,1684,531,1153
2009-12-28,Malaysia,631,192,439
2009-12-29,Malaysia,946,373,573
2009-12-30,Malaysia,744,243,501
2009-12-31,Malaysia,1104,394,710
2010-01-01,Malaysia,675,285,390
2010-01-02,Malaysia,633,325,308
2010-01-03,Malaysia,1169,509,660
2010-01-04,Malaysia,531,156,375
2010-01-05,Malaysia,1111,475,636
2010-01-06,Malaysia,1180,464,716
2010-01-07,Malaysia,1185,521,664
2010-01-08,Malaysia,916,436,480
2010-01-09,Malaysia,1365,735,630
2010-01-10,Malaysia,1993,867,1126
2010-01-11,Malaysia,1578,780,798
2010-01-12,Malaysia,1603,718,885
2010-01-13,Malaysia,1827,820,1007
2010-01-14,Malaysia,1504,648,856
2010-01-15,Malaysia,751,357,394
2010-01-16,Malaysia,1313,677,636
2010-01-17,Malaysia,1134,446,688
2010-01-18,Malaysia,1068,449,619
2010-01-19,Malaysia,1227,583,644
2010-01-20,Malaysia,2262,1140,1122
2010-01-21,Malaysia,2537,1386,1151
2010-01-22,Malaysia,1693,806,887
2010-01-23,Malaysia,1110,524,586
2010-01-24,Malaysia,1471,681,790
2010-01-25,Malaysia,1163,478,685
2010-01-26,Malaysia,964,431,533
2010-01-27,Malaysia,1369,618,751
2010-01-28,Malaysia,1350,683,667
2010-01-29,Malaysia,842,382,460
2010-01-30,Malaysia,2030,894,1136
2010-01-31,Malaysia,1000,476,524
2010-02-01,Malaysia,771,355,416
2010-02-02,Malaysia,1197,642,555
2010-02-03,Malaysia,1940,1170,770
2010-02-04,Malaysia,2086,1117,969
2010-02-05,Malaysia,656,313,343
2010-02-06,Malaysia,1604,851,753
2010-02-07,Malaysia,1214,601,613
2010-02-08,Malaysia,1300,662,638
2010-02-09,Malaysia,1285,643,642
2010-02-10,Malaysia,1303,639,664
2010-02-11,Malaysia,1871,1030,841
2010-02-12,Malaysia,539,181,358
2010-02-13,Malaysia,745,319,426
2010-02-14,Malaysia,257,153,104
2010-02-15,Malaysia,364,201,163
2010-02-16,Malaysia,364,164,200
2010-02-17,Malaysia,1018,411,607
2010-02-18,Malaysia,1211,499,712
2010-02-19,Malaysia,573,194,379
2010-02-20,Malaysia,906,534,372
2010-02-21,Malaysia,699,301,398
2010-02-22,Malaysia,936,426,510
2010-02-23,Malaysia,1358,575,783
2010-02-24,Malaysia,1844,844,1000
2010-02-25,Malaysia,1088,414,674
2010-02-26,Malaysia,585,311,274
2010-02-27,Malaysia,2540,2138,402
2010-02-28,Malaysia,1155,556,599
2010-03-01,Malaysia,726,298,428
2010-03-02,Malaysia,1141,571,570
2010-03-03,Malaysia,1084,507,577
2010-03-04,Malaysia,1110,636,474
2010-03-05,Malaysia,733,321,412
2010-03-06,Malaysia,1164,641,523
2010-03-07,Malaysia,1364,609,755
2010-03-08,Malaysia,1020,359,661
2010-03-09,Malaysia,1942,846,1096
2010-03-10,Malaysia,1639,744,895
2010-03-11,Malaysia,1634,743,891
2010-03-12,Malaysia,877,321,556
2010-03-13,Malaysia,826,393,433
2010-03-14,Malaysia,2180,626,1554
2010-03-15,Malaysia,955,488,467
2010-03-16,Malaysia,1132,479,653
2010-03-17,Malaysia,1274,546,728
2010-03-18,Malaysia,849,389,460
2010-03-19,Malaysia,804,260,544
2010-03-20,Malaysia,761,387,374
2010-03-21,Malaysia,2126,698,1428
2010-03-22,Malaysia,453,127,326
2010-03-23,Malaysia,1038,469,569
2010-03-24,Malaysia,1443,597,846
2010-03-25,Malaysia,1213,452,761
2010-03-26,Malaysia,1133,428,705
2010-03-27,Malaysia,1143,621,522
2010-03-28,Malaysia,1305,407,898
2010-03-29,Malaysia,972,398,574
2010-03-30,Malaysia,1115,358,757
2010-03-31,Malaysia,1109,451,658
2010-04-01,Malaysia,1290,516,774
2010-04-02,Malaysia,642,263,379
2010-04-03,Malaysia,666,350,316
2010-04-04,Malaysia,1279,511,768
2010-04-05,Malaysia,634,245,389
2010-04-06,Malaysia,746,323,423
2010-04-07,Malaysia,1220,542,678
2010-04-08,Malaysia,1734,809,925
2010-04-09,Malaysia,434,146,288
2010-04-10,Malaysia,765,375,390
2010-04-11,Malaysia,1910,747,1163
2010-04-12,Malaysia,646,230,416
2010-04-13,Malaysia,975,325,650
2010-04-14,Malaysia,1211,488,723
2010-04-15,Malaysia,1382,602,780
2010-04-16,Malaysia,615,220,395
2010-04-17,Malaysia,1165,520,645
2010-04-18,Malaysia,1949,742,1207
2010-04-19,Malaysia,579,216,363
2010-04-20,Malaysia,1140,443,697
2010-04-21,Malaysia,888,347,541
2010-04-22,Malaysia,1481,637,844
2010-04-23,Malaysia,668,280,388
2010-04-24,Malaysia,811,421,390
2010-04-25,Malaysia,1572,588,984
2010-04-26,Malaysia,527,201,326
2010-04-27,Malaysia,853,374,479
2010-04-28,Malaysia,982,428,554
2010-04-29,Malaysia,1448,797,651
2010-04-30,Malaysia,449,196,253
2010-05-01,Malaysia,2231,687,1544
2010-05-02,Malaysia,996,445,551
2010-05-03,Malaysia,502,174,328
2010-05-04,Malaysia,753,289,464
2010-05-05,Malaysia,890,373,517
2010-05-06,Malaysia,1240,720,520
2010-05-07,Malaysia,521,212,309
2010-05-08,Malaysia,1284,949,335
2010-05-09,Malaysia,1451,494,957
2010-05-10,Malaysia,493,195,298
2010-05-11,Malaysia,594,232,362
2010-05-12,Malaysia,764,301,463
2010-05-13,Malaysia,1130,488,642
2010-05-14,Malaysia,667,315,352
2010-05-15,Malaysia,1053,530,523
2010-05-16,Malaysia,1406,602,804
2010-05-17,Malaysia,524,146,378
2010-05-18,Malaysia,1032,552,480
2010-05-19,Malaysia,1342,551,791
2010-05-20,Malaysia,1310,653,657
2010-05-21,Malaysia,1042,301,741
2010-05-22,Malaysia,2385,1821,564
2010-05-23,Malaysia,1051,427,624
2010-05-24,Malaysia,3367,2011,1356
2010-05-25,Malaysia,1012,390,622
2010-05-26,Malaysia,887,430,457
2010-05-27,Malaysia,846,296,550
2010-05-28,Malaysia,2159,728,1431
2010-05-29,Malaysia,843,507,336
2010-05-30,Malaysia,1393,423,970
2010-05-31,Malaysia,674,230,444
2010-06-01,Malaysia,507,155,352
2010-06-02,Malaysia,1383,536,847
2010-06-03,Malaysia,1142,545,597
2010-06-04,Malaysia,1116,424,692
2010-06-05,Malaysia,822,334,488
2010-06-06,Malaysia,1060,380,680
2010-06-07,Malaysia,582,210,372
2010-06-08,Malaysia,759,336,423
2010-06-09,Malaysia,732,300,432
2010-06-10,Malaysia,867,416,451
2010-06-11,Malaysia,552,227,325
2010-06-12,Malaysia,867,381,486
2010-06-13,Malaysia,1784,557,1227
2010-06-14,Malaysia,821,301,520
2010-06-15,Malaysia,720,274,446
2010-06-16,Malaysia,1103,498,605
2010-06-17,Malaysia,1230,514,716
2010-06-18,Malaysia,586,188,398
2010-06-19,Malaysia,759,290,469
2010-06-20,Malaysia,1879,743,1136
2010-06-21,Malaysia,537,199,338
2010-06-22,Malaysia,506,190,316
2010-06-23,Malaysia,1128,479,649
2010-06-24,Malaysia,1214,600,614
2010-06-25,Malaysia,1055,330,725
2010-06-26,Malaysia,1133,546,587
2010-06-27,Malaysia,1535,561,974
2010-06-28,Malaysia,858,411,447
2010-06-29,Malaysia,1136,507,629
2010-06-30,Malaysia,1024,437,587
2010-07-01,Malaysia,659,300,359
2010-07-02,Malaysia,257,53,204
2010-07-03,Malaysia,1168,583,585
2010-07-04,Malaysia,1602,664,938
2010-07-05,Malaysia,566,243,323
2010-07-06,Malaysia,1073,496,577
2010-07-07,Malaysia,969,400,569
2010-07-08,Malaysia,1033,504,529
2010-07-09,Malaysia,458,159,299
2010-07-10,Malaysia,953,476,477
2010-07-11,Malaysia,1610,547,1063
2010-07-12,Malaysia,587,251,336
2010-07-13,Malaysia,1146,490,656
2010-07-14,Malaysia,1320,575,745
2010-07-15,Malaysia,1357,575,782
2010-07-16,Malaysia,1102,465,637
2010-07-17,Malaysia,919,452,467
2010-07-18,Malaysia,1713,625,1088
2010-07-19,Malaysia,856,341,515
2010-07-20,Malaysia,1103,427,676
2010-07-21,Malaysia,1465,637,828
2010-07-22,Malaysia,1396,691,705
2010-07-23,Malaysia,764,315,449
2010-07-24,Malaysia,1206,744,462
2010-07-25,Malaysia,1495,548,947
2010-07-26,Malaysia,1333,516,817
2010-07-27,Malaysia,1593,714,879
2010-07-28,Malaysia,1611,735,876
2010-07-29,Malaysia,2050,961,1089
2010-07-30,Malaysia,1403,525,878
2010-07-31,Malaysia,1785,1018,767
2010-08-01,Malaysia,1295,437,858
2010-08-02,Malaysia,1275,593,682
2010-08-03,Malaysia,2364,1425,939
2010-08-04,Malaysia,1688,743,945
2010-08-05,Malaysia,1685,785,900
2010-08-06,Malaysia,1497,704,793
2010-08-07,Malaysia,1928,930,998
2010-08-08,Malaysia,2783,1211,1572
2010-08-09,Malaysia,1426,581,845
2010-08-10,Malaysia,1225,441,784
2010-08-11,Malaysia,357,149,208
2010-08-12,Malaysia,236,115,121
2010-08-13,Malaysia,525,132,393
2010-08-14,Malaysia,274,101,173
2010-08-15,Malaysia,1953,628,1325
2010-08-16,Malaysia,272,101,171
2010-08-17,Malaysia,427,146,281
2010-08-18,Malaysia,415,181,234
2010-08-19,Malaysia,361,127,234
2010-08-20,Malaysia,588,210,378
2010-08-21,Malaysia,557,231,326
2010-08-22,Malaysia,1792,563,1229
2010-08-23,Malaysia,465,161,304
2010-08-24,Malaysia,730,307,423
2010-08-25,Malaysia,835,357,478
2010-08-26,Malaysia,859,389,470
2010-08-27,Malaysia,433,198,235
2010-08-28,Malaysia,623,257,366
2010-08-29,Malaysia,1684,487,1197
2010-08-30,Malaysia,599,216,383
2010-08-31,Malaysia,731,240,491
2010-09-01,Malaysia,539,306,233
2010-09-02,Malaysia,417,178,239
2010-09-03,Malaysia,810,289,521
2010-09-04,Malaysia,563,272,291
2010-09-05,Malaysia,1640,575,1065
2010-09-06,Malaysia,406,130,276
2010-09-07,Malaysia,551,172,379
2010-09-08,Malaysia,459,151,308
2010-09-09,Malaysia,210,46,164
2010-09-10,Malaysia,1,0,1
2010-09-11,Malaysia,6,3,3
2010-09-12,Malaysia,766,255,511
2010-09-13,Malaysia,411,105,306
2010-09-14,Malaysia,537,174,363
2010-09-15,Malaysia,651,178,473
2010-09-16,Malaysia,504,227,277
2010-09-17,Malaysia,547,163,384
2010-09-18,Malaysia,2500,1471,1029
2010-09-19,Malaysia,1742,588,1154
2010-09-20,Malaysia,686,258,428
2010-09-21,Malaysia,801,390,411
2010-09-22,Malaysia,1034,435,599
2010-09-23,Malaysia,1213,608,605
2010-09-24,Malaysia,1147,524,623
2010-09-25,Malaysia,922,396,526
2010-09-26,Malaysia,2159,678,1481
2010-09-27,Malaysia,781,306,475
2010-09-28,Malaysia,1233,438,795
2010-09-29,Malaysia,1157,553,604
2010-09-30,Malaysia,1207,527,680
2010-10-01,Malaysia,966,365,601
2010-10-02,Malaysia,1229,707,522
2010-10-03,Malaysia,1491,605,886
2010-10-04,Malaysia,933,304,629
2010-10-05,Malaysia,1045,351,694
2010-10-06,Malaysia,1513,714,799
2010-10-07,Malaysia,1004,376,628
2010-10-08,Malaysia,820,326,494
2010-10-09,Malaysia,1178,503,675
2010-10-10,Malaysia,1785,578,1207
2010-10-11,Malaysia,884,339,545
2010-10-12,Malaysia,1044,401,643
2010-10-13,Malaysia,1276,641,635
2010-10-14,Malaysia,1362,532,830
2010-10-15,Malaysia,799,300,499
2010-10-16,Malaysia,1077,538,539
2010-10-17,Malaysia,1532,541,991
2010-10-18,Malaysia,1189,533,656
2010-10-19,Malaysia,1281,466,815
2010-10-20,Malaysia,1571,693,878
2010-10-21,Malaysia,1276,560,716
2010-10-22,Malaysia,443,151,292
2010-10-23,Malaysia,942,447,495
2010-10-24,Malaysia,2042,820,1222
2010-10-25,Malaysia,685,185,500
2010-10-26,Malaysia,991,380,611
2010-10-27,Malaysia,1450,576,874
2010-10-28,Malaysia,1120,376,744
2010-10-29,Malaysia,1183,379,804
2010-10-30,Malaysia,743,263,480
2010-10-31,Malaysia,1528,524,1004
2010-11-01,Malaysia,1109,438,671
2010-11-02,Malaysia,798,286,512
2010-11-03,Malaysia,1002,391,611
2010-11-04,Malaysia,718,235,483
2010-11-05,Malaysia,749,255,494
2010-11-06,Malaysia,674,282,392
2010-11-07,Malaysia,1184,429,755
2010-11-08,Malaysia,832,321,511
2010-11-09,Malaysia,1216,438,778
2010-11-10,Malaysia,1525,666,859
2010-11-11,Malaysia,1535,705,830
2010-11-12,Malaysia,642,266,376
2010-11-13,Malaysia,771,353,418
2010-11-14,Malaysia,1889,678,1211
2010-11-15,Malaysia,735,299,436
2010-11-16,Malaysia,656,257,399
2010-11-17,Malaysia,59,23,36
2010-11-18,Malaysia,474,187,287
2010-11-19,Malaysia,612,218,394
2010-11-20,Malaysia,902,410,492
2010-11-21,Malaysia,1419,421,998
2010-11-22,Malaysia,468,157,311
2010-11-23,Malaysia,972,355,617
2010-11-24,Malaysia,1029,342,687
2010-11-25,Malaysia,1595,752,843
2010-11-26,Malaysia,847,317,530
2010-11-27,Malaysia,765,317,448
2010-11-28,Malaysia,1531,559,972
2010-11-29,Malaysia,840,308,532
2010-11-30,Malaysia,929,453,476
2010-12-01,Malaysia,1005,355,650
2010-12-02,Malaysia,1241,486,755
2010-12-03,Malaysia,925,334,591
2010-12-04,Malaysia,924,400,524
2010-12-05,Malaysia,1722,565,1157
2010-12-06,Malaysia,612,196,416
2010-12-07,Malaysia,517,243,274
2010-12-08,Malaysia,889,320,569
2010-12-09,Malaysia,792,320,472
2010-12-10,Malaysia,657,265,392
2010-12-11,Malaysia,791,338,453
2010-12-12,Malaysia,2435,826,1609
2010-12-13,Malaysia,683,266,417
2010-12-14,Malaysia,1272,510,762
2010-12-15,Malaysia,1130,485,645
2010-12-16,Malaysia,1521,565,956
2010-12-17,Malaysia,740,243,497
2010-12-18,Malaysia,933,457,476
2010-12-19,Malaysia,1635,514,1121
2010-12-20,Malaysia,821,321,500
2010-12-21,Malaysia,1068,423,645
2010-12-22,Malaysia,1079,394,685
2010-12-23,Malaysia,850,233,617
2010-12-24,Malaysia,442,135,307
2010-12-25,Malaysia,504,212,292
2010-12-26,Malaysia,1222,436,786
2010-12-27,Malaysia,794,290,504
2010-12-28,Malaysia,738,260,478
2010-12-29,Malaysia,933,314,619
2010-12-30,Malaysia,891,297,594
2010-12-31,Malaysia,376,158,218
2011-01-01,Malaysia,638,237,401
2011-01-02,Malaysia,805,295,510
2011-01-03,Malaysia,499,154,345
2011-01-04,Malaysia,771,300,471
2011-01-05,Malaysia,1247,463,784
2011-01-06,Malaysia,1345,577,768
2011-01-07,Malaysia,875,310,565
2011-01-08,Malaysia,1062,409,653
2011-01-09,Malaysia,1667,554,1113
2011-01-10,Malaysia,1093,491,602
2011-01-11,Malaysia,1513,639,874
2011-01-12,Malaysia,1457,710,747
2011-01-13,Malaysia,1444,592,852
2011-01-14,Malaysia,566,189,377
2011-01-15,Malaysia,793,355,438
2011-01-16,Malaysia,1165,431,734
2011-01-17,Malaysia,1247,442,805
2011-01-18,Malaysia,1589,532,1057
2011-01-19,Malaysia,1589,577,1012
2011-01-20,Malaysia,2206,969,1237
2011-01-21,Malaysia,1233,454,779
2011-01-22,Malaysia,845,332,513
2011-01-23,Malaysia,1197,444,753
2011-01-24,Malaysia,1189,461,728
2011-01-25,Malaysia,1573,641,932
2011-01-26,Malaysia,1600,748,852
2011-01-27,Malaysia,1773,972,801
2011-01-28,Malaysia,801,333,468
2011-01-29,Malaysia,910,503,407
2011-01-30,Malaysia,830,378,452
2011-01-31,Malaysia,708,256,452
2011-02-01,Malaysia,921,344,577
2011-02-02,Malaysia,674,245,429
2011-02-03,Malaysia,272,105,167
2011-02-04,Malaysia,485,243,242
2011-02-05,Malaysia,683,333,350
2011-02-06,Malaysia,583,249,334
2011-02-07,Malaysia,851,320,531
2011-02-08,Malaysia,999,379,620
2011-02-09,Malaysia,1310,626,684
2011-02-10,Malaysia,1552,672,880
2011-02-11,Malaysia,447,171,276
2011-02-12,Malaysia,1753,1241,512
2011-02-13,Malaysia,1079,415,664
2011-02-14,Malaysia,835,272,563
2011-02-15,Malaysia,657,289,368
2011-02-16,Malaysia,1711,704,1007
2011-02-17,Malaysia,1813,761,1052
2011-02-18,Malaysia,863,361,502
2011-02-19,Malaysia,1021,516,505
2011-02-20,Malaysia,1571,604,967
2011-02-21,Malaysia,939,303,636
2011-02-22,Malaysia,1176,497,679
2011-02-23,Malaysia,1498,568,930
2011-02-24,Malaysia,1872,887,985
2011-02-25,Malaysia,1113,499,614
2011-02-26,Malaysia,1403,832,571
2011-02-27,Malaysia,1530,626,904
2011-02-28,Malaysia,872,346,526
2011-03-01,Malaysia,1009,411,598
2011-03-02,Malaysia,999,409,590
2011-03-03,Malaysia,1151,571,580
2011-03-04,Malaysia,578,224,354
2011-03-05,Malaysia,2599,2110,489
2011-03-06,Malaysia,1419,683,736
2011-03-07,Malaysia,1372,622,750
2011-03-08,Malaysia,1382,484,898
2011-03-09,Malaysia,1592,626,966
2011-03-10,Malaysia,1659,642,1017
2011-03-11,Malaysia,1044,430,614
2011-03-12,Malaysia,1514,743,771
2011-03-13,Malaysia,1340,475,865
2011-03-14,Malaysia,593,179,414
2011-03-15,Malaysia,1348,610,738
2011-03-16,Malaysia,1529,702,827
2011-03-17,Malaysia,1227,539,688
2011-03-18,Malaysia,765,332,433
2011-03-19,Malaysia,1062,504,558
2011-03-20,Malaysia,2155,691,1464
2011-03-21,Malaysia,727,291,436
2011-03-22,Malaysia,1018,326,692
2011-03-23,Malaysia,1315,444,871
2011-03-24,Malaysia,1201,438,763
2011-03-25,Malaysia,1184,455,729
2011-03-26,Malaysia,1335,598,737
2011-03-27,Malaysia,2307,947,1360
2011-03-28,Malaysia,684,236,448
2011-03-29,Malaysia,851,367,484
2011-03-30,Malaysia,1230,500,730
2011-03-31,Malaysia,1270,530,740
2011-04-01,Malaysia,928,371,557
2011-04-02,Malaysia,835,381,454
2011-04-03,Malaysia,1524,568,956
2011-04-04,Malaysia,709,283,426
2011-04-05,Malaysia,1144,419,725
2011-04-06,Malaysia,1032,373,659
2011-04-07,Malaysia,1412,529,883
2011-04-08,Malaysia,690,260,430
2011-04-09,Malaysia,1275,578,697
2011-04-10,Malaysia,2141,557,1584
2011-04-11,Malaysia,907,224,683
2011-04-12,Malaysia,1218,445,773
2011-04-13,Malaysia,1476,523,953
2011-04-14,Malaysia,1040,397,643
2011-04-15,Malaysia,820,302,518
2011-04-16,Malaysia,1330,531,799
2011-04-17,Malaysia,1555,451,1104
2011-04-18,Malaysia,784,258,526
2011-04-19,Malaysia,860,330,530
2011-04-20,Malaysia,1029,425,604
2011-04-21,Malaysia,1032,462,570
2011-04-22,Malaysia,833,214,619
2011-04-23,Malaysia,1181,558,623
2011-04-24,Malaysia,2102,603,1499
2011-04-25,Malaysia,729,345,384
2011-04-26,Malaysia,979,397,582
2011-04-27,Malaysia,881,331,550
2011-04-28,Malaysia,1184,440,744
2011-04-29,Malaysia,535,129,406
2011-04-30,Malaysia,667,337,330
2011-05-01,Malaysia,2690,705,1985
2011-05-02,Malaysia,623,247,376
2011-05-03,Malaysia,621,215,406
2011-05-04,Malaysia,809,282,527
2011-05-05,Malaysia,741,305,436
2011-05-06,Malaysia,706,221,485
2011-05-07,Malaysia,1157,430,727
2011-05-08,Malaysia,1390,539,851
2011-05-09,Malaysia,655,230,425
2011-05-10,Malaysia,1021,389,632
2011-05-11,Malaysia,1070,462,608
2011-05-12,Malaysia,937,349,588
2011-05-13,Malaysia,578,217,361
2011-05-14,Malaysia,816,368,448
2011-05-15,Malaysia,1339,502,837
2011-05-16,Malaysia,610,155,455
2011-05-17,Malaysia,2136,649,1487
2011-05-18,Malaysia,1132,378,754
2011-05-19,Malaysia,1263,550,713
2011-05-20,Malaysia,729,178,551
2011-05-21,Malaysia,970,437,533
2011-05-22,Malaysia,1475,518,957
2011-05-23,Malaysia,659,272,387
2011-05-24,Malaysia,1027,345,682
2011-05-25,Malaysia,1238,513,725
2011-05-26,Malaysia,864,331,533
2011-05-27,Malaysia,849,440,409
2011-05-28,Malaysia,806,251,555
2011-05-29,Malaysia,1147,483,664
2011-05-30,Malaysia,544,175,369
2011-05-31,Malaysia,992,347,645
2011-06-01,Malaysia,847,328,519
2011-06-02,Malaysia,1413,422,991
2011-06-03,Malaysia,884,276,608
2011-06-04,Malaysia,1053,706,347
2011-06-05,Malaysia,920,294,626
2011-06-06,Malaysia,549,155,394
2011-06-07,Malaysia,854,280,574
2011-06-08,Malaysia,1004,380,624
2011-06-09,Malaysia,854,330,524
2011-06-10,Malaysia,723,290,433
2011-06-11,Malaysia,1158,470,688
2011-06-12,Malaysia,2353,697,1656
2011-06-13,Malaysia,593,219,374
2011-06-14,Malaysia,1712,674,1038
2011-06-15,Malaysia,1624,711,913
2011-06-16,Malaysia,1444,672,772
2011-06-17,Malaysia,800,267,533
2011-06-18,Malaysia,1215,430,785
2011-06-19,Malaysia,1444,634,810
2011-06-20,Malaysia,922,376,546
2011-06-21,Malaysia,1268,585,683
2011-06-22,Malaysia,2676,912,1764
2011-06-23,Malaysia,1207,429,778
2011-06-24,Malaysia,1055,456,599
2011-06-25,Malaysia,1748,874,874
2011-06-26,Malaysia,2176,737,1439
2011-06-27,Malaysia,786,293,493
2011-06-28,Malaysia,1513,583,930
2011-06-29,Malaysia,1048,451,597
2011-06-30,Malaysia,1367,656,711
2011-07-01,Malaysia,909,353,556
2011-07-02,Malaysia,968,448,520
2011-07-03,Malaysia,1437,461,976
2011-07-04,Malaysia,712,265,447
2011-07-05,Malaysia,1331,570,761
2011-07-06,Malaysia,1573,833,740
2011-07-07,Malaysia,1539,826,713
2011-07-08,Malaysia,586,200,386
2011-07-09,Malaysia,1794,1380,414
2011-07-10,Malaysia,1838,652,1186
2011-07-11,Malaysia,1013,423,590
2011-07-12,Malaysia,1393,592,801
2011-07-13,Malaysia,1186,531,655
2011-07-14,Malaysia,1189,492,697
2011-07-15,Malaysia,713,345,368
2011-07-16,Malaysia,995,426,569
2011-07-17,Malaysia,2221,604,1617
2011-07-18,Malaysia,802,283,519
2011-07-19,Malaysia,1600,622,978
2011-07-20,Malaysia,1842,762,1080
2011-07-21,Malaysia,1288,597,691
2011-07-22,Malaysia,1181,488,693
2011-07-23,Malaysia,1593,714,879
2011-07-24,Malaysia,1729,631,1098
2011-07-25,Malaysia,1092,483,609
2011-07-26,Malaysia,1865,909,956
2011-07-27,Malaysia,1828,926,902
2011-07-28,Malaysia,1922,906,1016
2011-07-29,Malaysia,1266,463,803
2011-07-30,Malaysia,1669,780,889
2011-07-31,Malaysia,2551,1040,1511
2011-08-01,Malaysia,477,163,314
2011-08-02,Malaysia,703,226,477
2011-08-03,Malaysia,1081,509,572
2011-08-04,Malaysia,818,338,480
2011-08-05,Malaysia,706,253,453
2011-08-06,Malaysia,393,157,236
2011-08-07,Malaysia,2602,739,1863
2011-08-08,Malaysia,317,98,219
2011-08-09,Malaysia,632,223,409
2011-08-10,Malaysia,508,284,224
2011-08-11,Malaysia,845,415,430
2011-08-12,Malaysia,612,170,442
2011-08-13,Malaysia,885,406,479
2011-08-14,Malaysia,1628,560,1068
2011-08-15,Malaysia,367,178,189
2011-08-16,Malaysia,788,315,473
2011-08-17,Malaysia,1057,590,467
2011-08-18,Malaysia,792,370,422
2011-08-19,Malaysia,803,446,357
2011-08-20,Malaysia,1134,575,559
2011-08-21,Malaysia,1994,582,1412
2011-08-22,Malaysia,565,250,315
2011-08-23,Malaysia,579,227,352
2011-08-24,Malaysia,785,340,445
2011-08-25,Malaysia,768,292,476
2011-08-26,Malaysia,1040,369,671
2011-08-27,Malaysia,608,319,289
2011-08-28,Malaysia,1575,610,965
2011-08-29,Malaysia,230,39,191
2011-08-30,Malaysia,19,10,9
2011-08-31,Malaysia,52,12,40
2011-09-01,Malaysia,294,114,180
2011-09-02,Malaysia,574,158,416
2011-09-03,Malaysia,743,292,451
2011-09-04,Malaysia,1674,534,1140
2011-09-05,Malaysia,583,151,432
2011-09-06,Malaysia,825,289,536
2011-09-07,Malaysia,1181,523,658
2011-09-08,Malaysia,1355,597,758
2011-09-09,Malaysia,972,423,549
2011-09-10,Malaysia,1415,849,566
2011-09-11,Malaysia,1560,559,1001
2011-09-12,Malaysia,543,122,421
2011-09-13,Malaysia,1939,1085,854
2011-09-14,Malaysia,1394,597,797
2011-09-15,Malaysia,1093,532,561
2011-09-16,Malaysia,636,225,411
2011-09-17,Malaysia,676,252,424
2011-09-18,Malaysia,1835,653,1182
2011-09-19,Malaysia,791,208,583
2011-09-20,Malaysia,1351,487,864
2011-09-21,Malaysia,1685,751,934
2011-09-22,Malaysia,980,424,556
2011-09-23,Malaysia,780,176,604
2011-09-24,Malaysia,1969,712,1257
2011-09-25,Malaysia,2276,739,1537
2011-09-26,Malaysia,848,362,486
2011-09-27,Malaysia,988,349,639
2011-09-28,Malaysia,1274,541,733
2011-09-29,Malaysia,1566,704,862
2011-09-30,Malaysia,995,408,587
2011-10-01,Malaysia,1061,527,534
2011-10-02,Malaysia,1486,585,901
2011-10-03,Malaysia,992,290,702
2011-10-04,Malaysia,1234,422,812
2011-10-05,Malaysia,1387,623,764
2011-10-06,Malaysia,1215,506,709
2011-10-07,Malaysia,1122,450,672
2011-10-08,Malaysia,897,344,553
2011-10-09,Malaysia,2152,682,1470
2011-10-10,Malaysia,946,311,635
2011-10-11,Malaysia,1341,460,881
2011-10-12,Malaysia,1279,435,844
2011-10-13,Malaysia,1675,587,1088
2011-10-14,Malaysia,1075,383,692
2011-10-15,Malaysia,984,486,498
2011-10-16,Malaysia,1281,349,932
2011-10-17,Malaysia,1042,322,720
2011-10-18,Malaysia,1701,582,1119
2011-10-19,Malaysia,2281,988,1293
2011-10-20,Malaysia,1822,704,1118
2011-10-21,Malaysia,1257,418,839
2011-10-22,Malaysia,1185,570,615
2011-10-23,Malaysia,1776,667,1109
2011-10-24,Malaysia,832,227,605
2011-10-25,Malaysia,1076,368,708
2011-10-26,Malaysia,1012,320,692
2011-10-27,Malaysia,1234,517,717
2011-10-28,Malaysia,747,202,545
2011-10-29,Malaysia,1053,412,641
2011-10-30,Malaysia,1389,441,948
2011-10-31,Malaysia,562,203,359
2011-11-01,Malaysia,782,270,512
2011-11-02,Malaysia,986,358,628
2011-11-03,Malaysia,1059,390,669
2011-11-04,Malaysia,764,352,412
2011-11-05,Malaysia,457,174,283
2011-11-06,Malaysia,292,107,185
2011-11-07,Malaysia,397,164,233
2011-11-08,Malaysia,614,213,401
2011-11-09,Malaysia,1033,384,649
2011-11-10,Malaysia,1881,630,1251
2011-11-11,Malaysia,1171,515,656
2011-11-12,Malaysia,1890,1331,559
2011-11-13,Malaysia,1647,539,1108
2011-11-14,Malaysia,795,281,514
2011-11-15,Malaysia,1177,434,743
2011-11-16,Malaysia,1462,584,878
2011-11-17,Malaysia,1745,653,1092
2011-11-18,Malaysia,1100,454,646
2011-11-19,Malaysia,1360,697,663
2011-11-20,Malaysia,1732,553,1179
2011-11-21,Malaysia,886,344,542
2011-11-22,Malaysia,950,391,559
2011-11-23,Malaysia,1577,608,969
2011-11-24,Malaysia,937,375,562
2011-11-25,Malaysia,753,234,519
2011-11-26,Malaysia,947,520,427
2011-11-27,Malaysia,1770,731,1039
2011-11-28,Malaysia,532,178,354
2011-11-29,Malaysia,1132,490,642
2011-11-30,Malaysia,1205,521,684
2011-12-01,Malaysia,1140,417,723
2011-12-02,Malaysia,1083,396,687
2011-12-03,Malaysia,710,292,418
2011-12-04,Malaysia,2617,769,1848
2011-12-05,Malaysia,622,234,388
2011-12-06,Malaysia,1057,370,687
2011-12-07,Malaysia,1216,504,712
2011-12-08,Malaysia,1412,616,796
2011-12-09,Malaysia,684,252,432
2011-12-10,Malaysia,1069,485,584
2011-12-11,Malaysia,1524,468,1056
2011-12-12,Malaysia,724,216,508
2011-12-13,Malaysia,1021,405,616
2011-12-14,Malaysia,1331,523,808
2011-12-15,Malaysia,1616,577,1039
2011-12-16,Malaysia,797,289,508
2011-12-17,Malaysia,913,466,447
2011-12-18,Malaysia,1707,439,1268
2011-12-19,Malaysia,697,251,446
2011-12-20,Malaysia,1314,468,846
2011-12-21,Malaysia,1147,485,662
2011-12-22,Malaysia,916,316,600
2011-12-23,Malaysia,638,144,494
2011-12-24,Malaysia,826,326,500
2011-12-25,Malaysia,719,270,449
2011-12-26,Malaysia,817,267,550
2011-12-27,Malaysia,827,219,608
2011-12-28,Malaysia,989,329,660
2011-12-29,Malaysia,948,344,604
2011-12-30,Malaysia,861,250,611
2011-12-31,Malaysia,1089,518,571
2012-01-01,Malaysia,1246,402,844
2012-01-02,Malaysia,764,284,480
2012-01-03,Malaysia,750,238,512
2012-01-04,Malaysia,1019,298,721
2012-01-05,Malaysia,1417,598,819
2012-01-06,Malaysia,780,304,476
2012-01-07,Malaysia,935,444,491
2012-01-08,Malaysia,1539,554,985
2012-01-09,Malaysia,652,226,426
2012-01-10,Malaysia,1176,478,698
2012-01-11,Malaysia,1984,771,1213
2012-01-12,Malaysia,1896,870,1026
2012-01-13,Malaysia,1013,446,567
2012-01-14,Malaysia,1226,533,693
2012-01-15,Malaysia,1227,481,746
2012-01-16,Malaysia,1049,378,671
2012-01-17,Malaysia,1393,452,941
2012-01-18,Malaysia,2024,859,1165
2012-01-19,Malaysia,2163,880,1283
2012-01-20,Malaysia,654,224,430
2012-01-21,Malaysia,747,278,469
2012-01-22,Malaysia,703,278,425
2012-01-23,Malaysia,538,247,291
2012-01-24,Malaysia,484,224,260
2012-01-25,Malaysia,792,231,561
2012-01-26,Malaysia,1048,395,653
2012-01-27,Malaysia,1950,1467,483
2012-01-28,Malaysia,2912,1729,1183
2012-01-29,Malaysia,1027,403,624
2012-01-30,Malaysia,1018,366,652
2012-01-31,Malaysia,1151,433,718
2012-02-01,Malaysia,976,404,572
2012-02-02,Malaysia,1183,554,629
2012-02-03,Malaysia,732,265,467
2012-02-04,Malaysia,704,274,430
2012-02-05,Malaysia,1178,478,700
2012-02-06,Malaysia,810,326,484
2012-02-07,Malaysia,2051,818,1233
2012-02-08,Malaysia,1023,465,558
2012-02-09,Malaysia,1204,587,617
2012-02-10,Malaysia,558,159,399
2012-02-11,Malaysia,1159,479,680
2012-02-12,Malaysia,1142,404,738
2012-02-13,Malaysia,892,282,610
2012-02-14,Malaysia,1039,392,647
2012-02-15,Malaysia,1076,447,629
2012-02-16,Malaysia,1616,739,877
2012-02-17,Malaysia,917,300,617
2012-02-18,Malaysia,1436,702,734
2012-02-19,Malaysia,2098,718,1380
2012-02-20,Malaysia,868,331,537
2012-02-21,Malaysia,1196,530,666
2012-02-22,Malaysia,1410,632,778
2012-02-23,Malaysia,1527,673,854
2012-02-24,Malaysia,960,355,605
2012-02-25,Malaysia,2215,1754,461
2012-02-26,Malaysia,1625,702,923
2012-02-27,Malaysia,900,257,643
2012-02-28,Malaysia,1811,660,1151
2012-02-29,Malaysia,1631,557,1074
2012-03-01,Malaysia,1226,341,885
2012-03-02,Malaysia,1033,394,639
2012-03-03,Malaysia,1138,619,519
2012-03-04,Malaysia,2031,635,1396
2012-03-05,Malaysia,655,188,467
2012-03-06,Malaysia,1333,420,913
2012-03-07,Malaysia,1559,592,967
2012-03-08,Malaysia,1283,485,798
2012-03-09,Malaysia,552,163,389
2012-03-10,Malaysia,899,409,490
2012-03-11,Malaysia,1468,551,917
2012-03-12,Malaysia,750,274,476
2012-03-13,Malaysia,1760,893,867
2012-03-14,Malaysia,1068,429,639
2012-03-15,Malaysia,1106,524,582
2012-03-16,Malaysia,564,162,402
2012-03-17,Malaysia,944,340,604
2012-03-18,Malaysia,2573,678,1895
2012-03-19,Malaysia,839,317,522
2012-03-20,Malaysia,1295,416,879
2012-03-21,Malaysia,1475,565,910
2012-03-22,Malaysia,1379,397,982
2012-03-23,Malaysia,922,282,640
2012-03-24,Malaysia,1014,409,605
2012-03-25,Malaysia,1893,563,1330
2012-03-26,Malaysia,982,379,603
2012-03-27,Malaysia,1203,465,738
2012-03-28,Malaysia,1586,591,995
2012-03-29,Malaysia,1125,400,725
2012-03-30,Malaysia,716,209,507
2012-03-31,Malaysia,888,376,512
2012-04-01,Malaysia,1570,456,1114
2012-04-02,Malaysia,1047,323,724
2012-04-03,Malaysia,665,214,451
2012-04-04,Malaysia,1024,402,622
2012-04-05,Malaysia,1571,564,1007
2012-04-06,Malaysia,674,238,436
2012-04-07,Malaysia,820,316,504
2012-04-08,Malaysia,1971,550,1421
2012-04-09,Malaysia,1000,359,641
2012-04-10,Malaysia,1303,434,869
2012-04-11,Malaysia,372,165,207
2012-04-12,Malaysia,1156,371,785
2012-04-13,Malaysia,844,254,590
2012-04-14,Malaysia,1251,449,802
2012-04-15,Malaysia,2536,728,1808
2012-04-16,Malaysia,901,260,641
2012-04-17,Malaysia,1357,599,758
2012-04-18,Malaysia,1032,345,687
2012-04-19,Malaysia,1096,410,686
2012-04-20,Malaysia,803,251,552
2012-04-21,Malaysia,940,385,555
2012-04-22,Malaysia,2438,751,1687
2012-04-23,Malaysia,844,273,571
2012-04-24,Malaysia,1004,352,652
2012-04-25,Malaysia,1066,435,631
2012-04-26,Malaysia,879,275,604
2012-04-27,Malaysia,657,216,441
2012-04-28,Malaysia,881,372,509
2012-04-29,Malaysia,1785,606,1179
2012-04-30,Malaysia,911,337,574
2012-05-01,Malaysia,2687,602,2085
2012-05-02,Malaysia,1030,410,620
2012-05-03,Malaysia,1305,510,795
2012-05-04,Malaysia,836,217,619
2012-05-05,Malaysia,2450,629,1821
2012-05-06,Malaysia,1348,463,885
2012-05-07,Malaysia,662,193,469
2012-05-08,Malaysia,872,283,589
2012-05-09,Malaysia,1133,417,716
2012-05-10,Malaysia,1136,476,660
2012-05-11,Malaysia,811,279,532
2012-05-12,Malaysia,1187,521,666
2012-05-13,Malaysia,2116,632,1484
2012-05-14,Malaysia,942,285,657
2012-05-15,Malaysia,1409,588,821
2012-05-16,Malaysia,1001,383,618
2012-05-17,Malaysia,1291,521,770
2012-05-18,Malaysia,875,252,623
2012-05-19,Malaysia,800,324,476
2012-05-20,Malaysia,1714,652,1062
2012-05-21,Malaysia,628,159,469
2012-05-22,Malaysia,959,365,594
2012-05-23,Malaysia,1214,440,774
2012-05-24,Malaysia,984,349,635
2012-05-25,Malaysia,1170,543,627
2012-05-26,Malaysia,889,321,568
2012-05-27,Malaysia,1732,492,1240
2012-05-28,Malaysia,593,170,423
2012-05-29,Malaysia,960,293,667
2012-05-30,Malaysia,916,307,609
2012-05-31,Malaysia,895,300,595
2012-06-01,Malaysia,584,115,469
2012-06-02,Malaysia,537,166,371
2012-06-03,Malaysia,1185,429,756
2012-06-04,Malaysia,530,162,368
2012-06-05,Malaysia,1004,361,643
2012-06-06,Malaysia,1323,496,827
2012-06-07,Malaysia,943,255,688
2012-06-08,Malaysia,730,296,434
2012-06-09,Malaysia,1241,667,574
2012-06-10,Malaysia,1717,384,1333
2012-06-11,Malaysia,689,207,482
2012-06-12,Malaysia,1124,421,703
2012-06-13,Malaysia,1772,1049,723
2012-06-14,Malaysia,2304,838,1466
2012-06-15,Malaysia,857,245,612
2012-06-16,Malaysia,1485,856,629
2012-06-17,Malaysia,1653,446,1207
2012-06-18,Malaysia,934,422,512
2012-06-19,Malaysia,1119,453,666
2012-06-20,Malaysia,1309,544,765
2012-06-21,Malaysia,1760,718,1042
2012-06-22,Malaysia,1045,274,771
2012-06-23,Malaysia,2099,1270,829
2012-06-24,Malaysia,1807,575,1232
2012-06-25,Malaysia,973,373,600
2012-06-26,Malaysia,1096,405,691
2012-06-27,Malaysia,1380,582,798
2012-06-28,Malaysia,1515,550,965
2012-06-29,Malaysia,909,385,524
2012-06-30,Malaysia,1121,569,552
2012-07-01,Malaysia,1679,545,1134
2012-07-02,Malaysia,784,269,515
2012-07-03,Malaysia,1429,579,850
2012-07-04,Malaysia,1391,602,789
2012-07-05,Malaysia,1189,474,715
2012-07-06,Malaysia,1231,500,731
2012-07-07,Malaysia,1431,690,741
2012-07-08,Malaysia,2097,646,1451
2012-07-09,Malaysia,1106,405,701
2012-07-10,Malaysia,1805,720,1085
2012-07-11,Malaysia,1652,669,983
2012-07-12,Malaysia,2104,823,1281
2012-07-13,Malaysia,1455,533,922
2012-07-14,Malaysia,1895,726,1169
2012-07-15,Malaysia,3256,1170,2086
2012-07-16,Malaysia,1387,530,857
2012-07-17,Malaysia,1839,720,1119
2012-07-18,Malaysia,2235,1066,1169
2012-07-19,Malaysia,1571,714,857
2012-07-20,Malaysia,959,273,686
2012-07-21,Malaysia,267,69,198
2012-07-22,Malaysia,1837,503,1334
2012-07-23,Malaysia,256,112,144
2012-07-24,Malaysia,347,114,233
2012-07-25,Malaysia,758,403,355
2012-07-26,Malaysia,667,397,270
2012-07-27,Malaysia,624,190,434
2012-07-28,Malaysia,503,193,310
2012-07-29,Malaysia,2410,677,1733
2012-07-30,Malaysia,248,56,192
2012-07-31,Malaysia,608,272,336
2012-08-01,Malaysia,630,276,354
2012-08-02,Malaysia,445,163,282
2012-08-03,Malaysia,486,161,325
2012-08-04,Malaysia,831,259,572
2012-08-05,Malaysia,2017,637,1380
2012-08-06,Malaysia,281,84,197
2012-08-07,Malaysia,728,372,356
2012-08-08,Malaysia,804,338,466
2012-08-09,Malaysia,823,338,485
2012-08-10,Malaysia,532,175,357
2012-08-11,Malaysia,1222,438,784
2012-08-12,Malaysia,2217,521,1696
2012-08-13,Malaysia,667,164,503
2012-08-14,Malaysia,771,306,465
2012-08-15,Malaysia,531,217,314
2012-08-16,Malaysia,582,221,361
2012-08-17,Malaysia,450,106,344
2012-08-18,Malaysia,150,45,105
2012-08-19,Malaysia,28,14,14
2012-08-20,Malaysia,42,10,32
2012-08-21,Malaysia,379,111,268
2012-08-22,Malaysia,575,161,414
2012-08-23,Malaysia,711,182,529
2012-08-24,Malaysia,802,204,598
2012-08-25,Malaysia,892,285,607
2012-08-26,Malaysia,2346,724,1622
2012-08-27,Malaysia,714,232,482
2012-08-28,Malaysia,1112,356,756
2012-08-29,Malaysia,1131,427,704
2012-08-30,Malaysia,904,335,569
2012-08-31,Malaysia,1262,371,891
2012-09-01,Malaysia,821,252,569
2012-09-02,Malaysia,1852,630,1222
2012-09-03,Malaysia,752,218,534
2012-09-04,Malaysia,845,301,544
2012-09-05,Malaysia,1153,506,647
2012-09-06,Malaysia,1488,605,883
2012-09-07,Malaysia,795,256,539
2012-09-08,Malaysia,2498,1246,1252
2012-09-09,Malaysia,1913,568,1345
2012-09-10,Malaysia,887,243,644
2012-09-11,Malaysia,5543,3587,1956
2012-09-12,Malaysia,955,345,610
2012-09-13,Malaysia,1295,411,884
2012-09-14,Malaysia,912,476,436
2012-09-15,Malaysia,833,324,509
2012-09-16,Malaysia,1515,444,1071
2012-09-17,Malaysia,371,83,288
2012-09-18,Malaysia,985,308,677
2012-09-19,Malaysia,1310,417,893
2012-09-20,Malaysia,1166,439,727
2012-09-21,Malaysia,731,212,519
2012-09-22,Malaysia,1127,417,710
2012-09-23,Malaysia,1677,460,1217
2012-09-24,Malaysia,560,190,370
2012-09-25,Malaysia,977,332,645
2012-09-26,Malaysia,1344,633,711
2012-09-27,Malaysia,1380,521,859
2012-09-28,Malaysia,1163,392,771
2012-09-29,Malaysia,1110,377,733
2012-09-30,Malaysia,1268,485,783
2012-10-01,Malaysia,590,109,481
2012-10-02,Malaysia,937,363,574
2012-10-03,Malaysia,971,320,651
2012-10-04,Malaysia,1242,435,807
2012-10-05,Malaysia,529,135,394
2012-10-06,Malaysia,1237,473,764
2012-10-07,Malaysia,2362,807,1555
2012-10-08,Malaysia,896,229,667
2012-10-09,Malaysia,1148,347,801
2012-10-10,Malaysia,1154,353,801
2012-10-11,Malaysia,1212,374,838
2012-10-12,Malaysia,832,294,538
2012-10-13,Malaysia,854,347,507
2012-10-14,Malaysia,1618,453,1165
2012-10-15,Malaysia,802,261,541
2012-10-16,Malaysia,1367,514,853
2012-10-17,Malaysia,1288,501,787
2012-10-18,Malaysia,1420,587,833
2012-10-19,Malaysia,900,317,583
2012-10-20,Malaysia,1003,401,602
2012-10-21,Malaysia,1927,513,1414
2012-10-22,Malaysia,893,260,633
2012-10-23,Malaysia,1377,482,895
2012-10-24,Malaysia,1374,495,879
2012-10-25,Malaysia,732,215,517
2012-10-26,Malaysia,78,32,46
2012-10-27,Malaysia,484,180,304
2012-10-28,Malaysia,1537,546,991
2012-10-29,Malaysia,534,132,402
2012-10-30,Malaysia,727,212,515
2012-10-31,Malaysia,1192,410,782
2012-11-01,Malaysia,777,228,549
2012-11-02,Malaysia,1105,329,776
2012-11-03,Malaysia,930,364,566
2012-11-04,Malaysia,2988,1106,1882
2012-11-05,Malaysia,1000,224,776
2012-11-06,Malaysia,1259,384,875
2012-11-07,Malaysia,1534,539,995
2012-11-08,Malaysia,1422,421,1001
2012-11-09,Malaysia,809,209,600
2012-11-10,Malaysia,1362,887,475
2012-11-11,Malaysia,1261,370,891
2012-11-12,Malaysia,701,215,486
2012-11-13,Malaysia,869,219,650
2012-11-14,Malaysia,596,144,452
2012-11-15,Malaysia,550,212,338
2012-11-16,Malaysia,759,272,487
2012-11-17,Malaysia,886,370,516
2012-11-18,Malaysia,2455,681,1774
2012-11-19,Malaysia,828,253,575
2012-11-20,Malaysia,1298,459,839
2012-11-21,Malaysia,1291,431,860
2012-11-22,Malaysia,1224,420,804
2012-11-23,Malaysia,977,293,684
2012-11-24,Malaysia,1391,706,685
2012-11-25,Malaysia,1549,513,1036
2012-11-26,Malaysia,877,375,502
2012-11-27,Malaysia,1191,465,726
2012-11-28,Malaysia,1117,444,673
2012-11-29,Malaysia,1458,503,955
2012-11-30,Malaysia,957,270,687
2012-12-01,Malaysia,810,312,498
2012-12-02,Malaysia,1983,486,1497
2012-12-03,Malaysia,560,149,411
2012-12-04,Malaysia,1023,375,648
2012-12-05,Malaysia,1284,464,820
2012-12-06,Malaysia,1230,422,808
2012-12-07,Malaysia,811,285,526
2012-12-08,Malaysia,888,368,520
2012-12-09,Malaysia,1846,561,1285
2012-12-10,Malaysia,770,315,455
2012-12-11,Malaysia,1054,344,710
2012-12-12,Malaysia,1392,537,855
2012-12-13,Malaysia,1211,452,759
2012-12-14,Malaysia,756,277,479
2012-12-15,Malaysia,773,284,489
2012-12-16,Malaysia,2142,520,1622
2012-12-17,Malaysia,832,272,560
2012-12-18,Malaysia,1294,449,845
2012-12-19,Malaysia,1400,551,849
2012-12-20,Malaysia,1158,448,710
2012-12-21,Malaysia,831,276,555
2012-12-22,Malaysia,741,245,496
2012-12-23,Malaysia,1149,345,804
2012-12-24,Malaysia,583,174,409
2012-12-25,Malaysia,686,251,435
2012-12-26,Malaysia,539,120,419
2012-12-27,Malaysia,850,259,591
2012-12-28,Malaysia,761,182,579
2012-12-29,Malaysia,1125,473,652
2012-12-30,Malaysia,1559,416,1143
2012-12-31,Malaysia,575,154,421
2013-01-01,Malaysia,888,257,631
2013-01-02,Malaysia,730,237,493
2013-01-03,Malaysia,1091,426,665
2013-01-04,Malaysia,484,166,318
2013-01-05,Malaysia,833,341,492
2013-01-06,Malaysia,1853,535,1318
2013-01-07,Malaysia,627,198,429
2013-01-08,Malaysia,1108,376,732
2013-01-09,Malaysia,1244,497,747
2013-01-10,Malaysia,1116,525,591
2013-01-11,Malaysia,755,264,491
2013-01-12,Malaysia,1626,850,776
2013-01-13,Malaysia,1331,372,959
2013-01-14,Malaysia,1078,363,715
2013-01-15,Malaysia,1488,558,930
2013-01-16,Malaysia,1932,779,1153
2013-01-17,Malaysia,1657,628,1029
2013-01-18,Malaysia,1223,474,749
2013-01-19,Malaysia,1236,518,718
2013-01-20,Malaysia,1599,459,1140
2013-01-21,Malaysia,1198,528,670
2013-01-22,Malaysia,1665,675,990
2013-01-23,Malaysia,1666,654,1012
2013-01-24,Malaysia,584,229,355
2013-01-25,Malaysia,730,186,544
2013-01-26,Malaysia,1387,562,825
2013-01-27,Malaysia,2599,957,1642
2013-01-28,Malaysia,1007,438,569
2013-01-29,Malaysia,1100,397,703
2013-01-30,Malaysia,1683,752,931
2013-01-31,Malaysia,1302,532,770
2013-02-01,Malaysia,537,152,385
2013-02-02,Malaysia,944,413,531
2013-02-03,Malaysia,1312,490,822
2013-02-04,Malaysia,819,318,501
2013-02-05,Malaysia,1041,353,688
2013-02-06,Malaysia,1306,509,797
2013-02-07,Malaysia,1573,635,938
2013-02-08,Malaysia,838,321,517
2013-02-09,Malaysia,1056,466,590
2013-02-10,Malaysia,555,265,290
2013-02-11,Malaysia,633,272,361
2013-02-12,Malaysia,567,175,392
2013-02-13,Malaysia,898,282,616
2013-02-14,Malaysia,1277,395,882
2013-02-15,Malaysia,833,320,513
2013-02-16,Malaysia,1392,738,654
2013-02-17,Malaysia,1337,609,728
2013-02-18,Malaysia,1014,392,622
2013-02-19,Malaysia,1234,523,711
2013-02-20,Malaysia,1483,704,779
2013-02-21,Malaysia,1300,575,725
2013-02-22,Malaysia,778,276,502
2013-02-23,Malaysia,1454,788,666
2013-02-24,Malaysia,1295,448,847
2013-02-25,Malaysia,858,303,555
2013-02-26,Malaysia,1316,464,852
2013-02-27,Malaysia,1530,662,868
2013-02-28,Malaysia,1271,463,808
2013-03-01,Malaysia,670,156,514
2013-03-02,Malaysia,2361,1858,503
2013-03-03,Malaysia,1777,538,1239
2013-03-04,Malaysia,567,167,400
2013-03-05,Malaysia,1539,519,1020
2013-03-06,Malaysia,2013,690,1323
2013-03-07,Malaysia,1690,752,938
2013-03-08,Malaysia,1037,492,545
2013-03-09,Malaysia,1417,704,713
2013-03-10,Malaysia,2385,582,1803
2013-03-11,Malaysia,739,249,490
2013-03-12,Malaysia,1480,516,964
2013-03-13,Malaysia,1594,548,1046
2013-03-14,Malaysia,1488,461,1027
2013-03-15,Malaysia,1203,413,790
2013-03-16,Malaysia,1409,542,867
2013-03-17,Malaysia,2515,749,1766
2013-03-18,Malaysia,960,287,673
2013-03-19,Malaysia,1579,636,943
2013-03-20,Malaysia,1553,613,940
2013-03-21,Malaysia,1340,477,863
2013-03-22,Malaysia,742,204,538
2013-03-23,Malaysia,1126,448,678
2013-03-24,Malaysia,1975,574,1401
2013-03-25,Malaysia,1006,374,632
2013-03-26,Malaysia,1217,372,845
2013-03-27,Malaysia,1167,429,738
2013-03-28,Malaysia,1161,433,728
2013-03-29,Malaysia,1006,295,711
2013-03-30,Malaysia,826,340,486
2013-03-31,Malaysia,1116,393,723
2013-04-01,Malaysia,631,197,434
2013-04-02,Malaysia,1127,388,739
2013-04-03,Malaysia,922,354,568
2013-04-04,Malaysia,1198,391,807
2013-04-05,Malaysia,986,364,622
2013-04-06,Malaysia,1387,597,790
2013-04-07,Malaysia,2262,676,1586
2013-04-08,Malaysia,843,270,573
2013-04-09,Malaysia,1046,358,688
2013-04-10,Malaysia,1403,511,892
2013-04-11,Malaysia,1088,318,770
2013-04-12,Malaysia,790,267,523
2013-04-13,Malaysia,1007,376,631
2013-04-14,Malaysia,2073,500,1573
2013-04-15,Malaysia,776,308,468
2013-04-16,Malaysia,1309,524,785
2013-04-17,Malaysia,925,375,550
2013-04-18,Malaysia,1289,442,847
2013-04-19,Malaysia,974,318,656
2013-04-20,Malaysia,1208,504,704
2013-04-21,Malaysia,2253,607,1646
2013-04-22,Malaysia,833,296,537
2013-04-23,Malaysia,878,362,516
2013-04-24,Malaysia,1186,476,710
2013-04-25,Malaysia,1298,511,787
2013-04-26,Malaysia,816,213,603
2013-04-27,Malaysia,963,431,532
2013-04-28,Malaysia,2048,613,1435
2013-04-29,Malaysia,912,345,567
2013-04-30,Malaysia,1001,397,604
2013-05-01,Malaysia,3249,697,2552
2013-05-02,Malaysia,517,200,317
2013-05-03,Malaysia,563,150,413
2013-05-04,Malaysia,513,216,297
2013-05-05,Malaysia,0,0,0
2013-05-06,Malaysia,306,89,217
2013-05-07,Malaysia,601,200,401
2013-05-08,Malaysia,1375,464,911
2013-05-09,Malaysia,1438,604,834
2013-05-10,Malaysia,587,217,370
2013-05-11,Malaysia,1283,606,677
2013-05-12,Malaysia,1887,639,1248
2013-05-13,Malaysia,893,318,575
2013-05-14,Malaysia,1651,709,942
2013-05-15,Malaysia,1458,619,839
2013-05-16,Malaysia,1226,511,715
2013-05-17,Malaysia,937,348,589
2013-05-18,Malaysia,1473,672,801
2013-05-19,Malaysia,2115,592,1523
2013-05-20,Malaysia,720,215,505
2013-05-21,Malaysia,1541,437,1104
2013-05-22,Malaysia,1256,384,872
2013-05-23,Malaysia,1011,346,665
2013-05-24,Malaysia,2292,584,1708
2013-05-25,Malaysia,1725,1049,676
2013-05-26,Malaysia,1694,460,1234
2013-05-27,Malaysia,979,298,681
2013-05-28,Malaysia,1020,379,641
2013-05-29,Malaysia,1153,347,806
2013-05-30,Malaysia,1563,621,942
2013-05-31,Malaysia,1226,344,882
2013-06-01,Malaysia,987,346,641
2013-06-02,Malaysia,1469,402,1067
2013-06-03,Malaysia,683,277,406
2013-06-04,Malaysia,1115,369,746
2013-06-05,Malaysia,1407,593,814
2013-06-06,Malaysia,1031,394,637
2013-06-07,Malaysia,615,198,417
2013-06-08,Malaysia,642,214,428
2013-06-09,Malaysia,1639,402,1237
2013-06-10,Malaysia,868,249,619
2013-06-11,Malaysia,1221,405,816
2013-06-12,Malaysia,1371,498,873
2013-06-13,Malaysia,1238,492,746
2013-06-14,Malaysia,1187,309,878
2013-06-15,Malaysia,1302,626,676
2013-06-16,Malaysia,2102,501,1601
2013-06-17,Malaysia,1343,484,859
2013-06-18,Malaysia,1595,616,979
2013-06-19,Malaysia,1488,604,884
2013-06-20,Malaysia,1684,694,990
2013-06-21,Malaysia,1066,348,718
2013-06-22,Malaysia,1667,665,1002
2013-06-23,Malaysia,2037,622,1415
2013-06-24,Malaysia,787,295,492
2013-06-25,Malaysia,1268,487,781
2013-06-26,Malaysia,1089,376,713
2013-06-27,Malaysia,1198,449,749
2013-06-28,Malaysia,1109,270,839
2013-06-29,Malaysia,1154,384,770
2013-06-30,Malaysia,1958,706,1252
2013-07-01,Malaysia,1464,616,848
2013-07-02,Malaysia,1600,694,906
2013-07-03,Malaysia,1731,678,1053
2013-07-04,Malaysia,1541,510,1031
2013-07-05,Malaysia,1030,404,626
2013-07-06,Malaysia,2439,923,1516
2013-07-07,Malaysia,3307,1041,2266
2013-07-08,Malaysia,1430,617,813
2013-07-09,Malaysia,1258,400,858
2013-07-10,Malaysia,254,83,171
2013-07-11,Malaysia,348,134,214
2013-07-12,Malaysia,553,107,446
2013-07-13,Malaysia,484,177,307
2013-07-14,Malaysia,2741,724,2017
2013-07-15,Malaysia,480,154,326
2013-07-16,Malaysia,1033,416,617
2013-07-17,Malaysia,1214,489,725
2013-07-18,Malaysia,1118,450,668
2013-07-19,Malaysia,864,348,516
2013-07-20,Malaysia,661,235,426
2013-07-21,Malaysia,2281,745,1536
2013-07-22,Malaysia,533,242,291
2013-07-23,Malaysia,849,446,403
2013-07-24,Malaysia,1693,812,881
2013-07-25,Malaysia,723,287,436
2013-07-26,Malaysia,610,155,455
2013-07-27,Malaysia,1177,448,729
2013-07-28,Malaysia,2729,768,1961
2013-07-29,Malaysia,253,66,187
2013-07-30,Malaysia,682,285,397
2013-07-31,Malaysia,1139,532,607
2013-08-01,Malaysia,632,334,298
2013-08-02,Malaysia,398,163,235
2013-08-03,Malaysia,662,217,445
2013-08-04,Malaysia,2359,698,1661
2013-08-05,Malaysia,401,114,287
2013-08-06,Malaysia,504,134,370
2013-08-07,Malaysia,241,48,193
2013-08-08,Malaysia,23,8,15
2013-08-09,Malaysia,19,9,10
2013-08-10,Malaysia,476,129,347
2013-08-11,Malaysia,1061,273,788
2013-08-12,Malaysia,524,135,389
2013-08-13,Malaysia,726,226,500
2013-08-14,Malaysia,1321,455,866
2013-08-15,Malaysia,938,334,604
2013-08-16,Malaysia,1073,417,656
2013-08-17,Malaysia,969,401,568
2013-08-18,Malaysia,2636,694,1942
2013-08-19,Malaysia,632,193,439
2013-08-20,Malaysia,1571,497,1074
2013-08-21,Malaysia,1617,599,1018
2013-08-22,Malaysia,1271,574,697
2013-08-23,Malaysia,1088,374,714
2013-08-24,Malaysia,1091,425,666
2013-08-25,Malaysia,1488,461,1027
2013-08-26,Malaysia,851,287,564
2013-08-27,Malaysia,1332,539,793
2013-08-28,Malaysia,1665,742,923
2013-08-29,Malaysia,1446,549,897
2013-08-30,Malaysia,839,241,598
2013-08-31,Malaysia,1582,527,1055
2013-09-01,Malaysia,1359,411,948
2013-09-02,Malaysia,670,189,481
2013-09-03,Malaysia,1079,388,691
2013-09-04,Malaysia,1421,562,859
2013-09-05,Malaysia,1039,396,643
2013-09-06,Malaysia,564,160,404
2013-09-07,Malaysia,2516,882,1634
2013-09-08,Malaysia,1738,440,1298
2013-09-09,Malaysia,850,360,490
2013-09-10,Malaysia,1341,547,794
2013-09-11,Malaysia,1534,590,944
2013-09-12,Malaysia,1455,625,830
2013-09-13,Malaysia,960,287,673
2013-09-14,Malaysia,909,371,538
2013-09-15,Malaysia,1572,494,1078
2013-09-16,Malaysia,1142,406,736
2013-09-17,Malaysia,832,254,578
2013-09-18,Malaysia,1698,833,865
2013-09-19,Malaysia,1581,643,938
2013-09-20,Malaysia,851,267,584
2013-09-21,Malaysia,1294,547,747
2013-09-22,Malaysia,2149,630,1519
2013-09-23,Malaysia,896,369,527
2013-09-24,Malaysia,1899,705,1194
2013-09-25,Malaysia,1470,548,922
2013-09-26,Malaysia,1076,326,750
2013-09-27,Malaysia,1039,346,693
2013-09-28,Malaysia,1286,512,774
2013-09-29,Malaysia,2419,562,1857
2013-09-30,Malaysia,599,240,359
2013-10-01,Malaysia,1196,397,799
2013-10-02,Malaysia,1124,411,713
2013-10-03,Malaysia,1127,377,750
2013-10-04,Malaysia,740,282,458
2013-10-05,Malaysia,1442,662,780
2013-10-06,Malaysia,1841,466,1375
2013-10-07,Malaysia,897,258,639
2013-10-08,Malaysia,1325,504,821
2013-10-09,Malaysia,1535,634,901
2013-10-10,Malaysia,1260,428,832
2013-10-11,Malaysia,955,394,561
2013-10-12,Malaysia,1380,872,508
2013-10-13,Malaysia,1837,603,1234
2013-10-14,Malaysia,469,111,358
2013-10-15,Malaysia,146,32,114
2013-10-16,Malaysia,360,119,241
2013-10-17,Malaysia,1468,523,945
2013-10-18,Malaysia,457,105,352
2013-10-19,Malaysia,1324,523,801
2013-10-20,Malaysia,2136,585,1551
2013-10-21,Malaysia,1226,449,777
2013-10-22,Malaysia,1354,529,825
2013-10-23,Malaysia,1706,731,975
2013-10-24,Malaysia,1306,554,752
2013-10-25,Malaysia,1704,637,1067
2013-10-26,Malaysia,1401,551,850
2013-10-27,Malaysia,1835,577,1258
2013-10-28,Malaysia,1021,326,695
2013-10-29,Malaysia,1027,338,689
2013-10-30,Malaysia,1498,577,921
2013-10-31,Malaysia,1039,325,714
2013-11-01,Malaysia,644,211,433
2013-11-02,Malaysia,1178,427,751
2013-11-03,Malaysia,1465,440,1025
2013-11-04,Malaysia,440,88,352
2013-11-05,Malaysia,554,208,346
2013-11-06,Malaysia,769,232,537
2013-11-07,Malaysia,1298,439,859
2013-11-08,Malaysia,809,304,505
2013-11-09,Malaysia,832,292,540
2013-11-10,Malaysia,1973,446,1527
2013-11-11,Malaysia,924,263,661
2013-11-12,Malaysia,1035,333,702
2013-11-13,Malaysia,1384,468,916
2013-11-14,Malaysia,1611,555,1056
2013-11-15,Malaysia,1106,307,799
2013-11-16,Malaysia,983,339,644
2013-11-17,Malaysia,1144,306,838
2013-11-18,Malaysia,607,167,440
2013-11-19,Malaysia,970,347,623
2013-11-20,Malaysia,1548,473,1075
2013-11-21,Malaysia,1238,400,838
2013-11-22,Malaysia,724,179,545
2013-11-23,Malaysia,994,327,667
2013-11-24,Malaysia,2121,563,1558
2013-11-25,Malaysia,701,202,499
2013-11-26,Malaysia,1065,277,788
2013-11-27,Malaysia,1183,369,814
2013-11-28,Malaysia,1178,413,765
2013-11-29,Malaysia,1126,419,707
2013-11-30,Malaysia,956,357,599
2013-12-01,Malaysia,2388,632,1756
2013-12-02,Malaysia,556,161,395
2013-12-03,Malaysia,952,315,637
2013-12-04,Malaysia,1682,589,1093
2013-12-05,Malaysia,1353,437,916
2013-12-06,Malaysia,808,269,539
2013-12-07,Malaysia,1251,476,775
2013-12-08,Malaysia,1684,447,1237
2013-12-09,Malaysia,690,237,453
2013-12-10,Malaysia,1342,534,808
2013-12-11,Malaysia,1470,542,928
2013-12-12,Malaysia,1422,553,869
2013-12-13,Malaysia,733,261,472
2013-12-14,Malaysia,1000,381,619
2013-12-15,Malaysia,2337,612,1725
2013-12-16,Malaysia,677,205,472
2013-12-17,Malaysia,1395,472,923
2013-12-18,Malaysia,1405,593,812
2013-12-19,Malaysia,1140,371,769
2013-12-20,Malaysia,864,329,535
2013-12-21,Malaysia,1216,680,536
2013-12-22,Malaysia,1920,585,1335
2013-12-23,Malaysia,726,243,483
2013-12-24,Malaysia,936,245,691
2013-12-25,Malaysia,753,226,527
2013-12-26,Malaysia,516,93,423
2013-12-27,Malaysia,978,248,730
2013-12-28,Malaysia,1109,338,771
2013-12-29,Malaysia,1602,565,1037
2013-12-30,Malaysia,726,226,500
2013-12-31,Malaysia,754,189,565
2014-01-01,Malaysia,1300,363,937
2014-01-02,Malaysia,744,275,469
2014-01-03,Malaysia,564,156,408
2014-01-04,Malaysia,1122,461,661
2014-01-05,Malaysia,1319,360,959
2014-01-06,Malaysia,658,154,504
2014-01-07,Malaysia,1349,381,968
2014-01-08,Malaysia,1669,663,1006
2014-01-09,Malaysia,1384,537,847
2014-01-10,Malaysia,846,315,531
2014-01-11,Malaysia,1392,590,802
2014-01-12,Malaysia,1969,496,1473
2014-01-13,Malaysia,855,282,573
2014-01-14,Malaysia,908,298,610
2014-01-15,Malaysia,1336,559,777
2014-01-16,Malaysia,1488,433,1055
2014-01-17,Malaysia,2647,998,1649
2014-01-18,Malaysia,1250,592,658
2014-01-19,Malaysia,1704,651,1053
2014-01-20,Malaysia,1233,429,804
2014-01-21,Malaysia,1719,591,1128
2014-01-22,Malaysia,2211,851,1360
2014-01-23,Malaysia,1527,631,896
2014-01-24,Malaysia,848,268,580
2014-01-25,Malaysia,1408,663,745
2014-01-26,Malaysia,1248,383,865
2014-01-27,Malaysia,1039,399,640
2014-01-28,Malaysia,1388,609,779
2014-01-29,Malaysia,1674,689,985
2014-01-30,Malaysia,1218,456,762
2014-01-31,Malaysia,385,148,237
2014-02-01,Malaysia,611,230,381
2014-02-02,Malaysia,570,205,365
2014-02-03,Malaysia,864,270,594
2014-02-04,Malaysia,876,290,586
2014-02-05,Malaysia,1208,430,778
2014-02-06,Malaysia,1318,557,761
2014-02-07,Malaysia,711,211,500
2014-02-08,Malaysia,672,225,447
2014-02-09,Malaysia,1561,591,970
2014-02-10,Malaysia,869,294,575
2014-02-11,Malaysia,1373,516,857
2014-02-12,Malaysia,1383,632,751
2014-02-13,Malaysia,1698,682,1016
2014-02-14,Malaysia,1088,438,650
2014-02-15,Malaysia,1302,818,484
2014-02-16,Malaysia,1518,561,957
2014-02-17,Malaysia,677,189,488
2014-02-18,Malaysia,1438,531,907
2014-02-19,Malaysia,1483,536,947
2014-02-20,Malaysia,1378,515,863
2014-02-21,Malaysia,1073,388,685
2014-02-22,Malaysia,1416,722,694
2014-02-23,Malaysia,2252,796,1456
2014-02-24,Malaysia,1079,460,619
2014-02-25,Malaysia,1752,663,1089
2014-02-26,Malaysia,2025,742,1283
2014-02-27,Malaysia,1530,604,926
2014-02-28,Malaysia,915,240,675
2014-03-01,Malaysia,737,382,355
2014-03-02,Malaysia,3107,1745,1362
2014-03-03,Malaysia,817,238,579
2014-03-04,Malaysia,948,361,587
2014-03-05,Malaysia,1501,534,967
2014-03-06,Malaysia,1104,404,700
2014-03-07,Malaysia,1503,506,997
2014-03-08,Malaysia,2535,1793,742
2014-03-09,Malaysia,2034,505,1529
2014-03-10,Malaysia,892,313,579
2014-03-11,Malaysia,1071,368,703
2014-03-12,Malaysia,1796,673,1123
2014-03-13,Malaysia,1268,414,854
2014-03-14,Malaysia,856,235,621
2014-03-15,Malaysia,1377,618,759
2014-03-16,Malaysia,1956,420,1536
2014-03-17,Malaysia,898,327,571
2014-03-18,Malaysia,1158,481,677
2014-03-19,Malaysia,1509,587,922
2014-03-20,Malaysia,998,347,651
2014-03-21,Malaysia,887,221,666
2014-03-22,Malaysia,1179,411,768
2014-03-23,Malaysia,1770,418,1352
2014-03-24,Malaysia,690,224,466
2014-03-25,Malaysia,1028,375,653
2014-03-26,Malaysia,1139,500,639
2014-03-27,Malaysia,1549,619,930
2014-03-28,Malaysia,750,256,494
2014-03-29,Malaysia,1192,466,726
2014-03-30,Malaysia,1389,456,933
2014-03-31,Malaysia,662,156,506
2014-04-01,Malaysia,1557,541,1016
2014-04-02,Malaysia,1299,459,840
2014-04-03,Malaysia,1494,452,1042
2014-04-04,Malaysia,649,162,487
2014-04-05,Malaysia,942,340,602
2014-04-06,Malaysia,1615,434,1181
2014-04-07,Malaysia,941,274,667
2014-04-08,Malaysia,1095,350,745
2014-04-09,Malaysia,1122,358,764
2014-04-10,Malaysia,1122,386,736
2014-04-11,Malaysia,795,238,557
2014-04-12,Malaysia,1511,560,951
2014-04-13,Malaysia,2181,601,1580
2014-04-14,Malaysia,946,317,629
2014-04-15,Malaysia,1169,437,732
2014-04-16,Malaysia,1365,511,854
2014-04-17,Malaysia,1556,512,1044
2014-04-18,Malaysia,906,354,552
2014-04-19,Malaysia,1471,560,911
2014-04-20,Malaysia,2658,749,1909
2014-04-21,Malaysia,687,286,401
2014-04-22,Malaysia,1768,662,1106
2014-04-23,Malaysia,1283,504,779
2014-04-24,Malaysia,1482,561,921
2014-04-25,Malaysia,1065,287,778
2014-04-26,Malaysia,1238,538,700
2014-04-27,Malaysia,2081,751,1330
2014-04-28,Malaysia,1076,378,698
2014-04-29,Malaysia,1861,816,1045
2014-04-30,Malaysia,715,249,466
2014-05-01,Malaysia,3656,950,2706
2014-05-02,Malaysia,405,118,287
2014-05-03,Malaysia,1270,496,774
2014-05-04,Malaysia,1591,509,1082
2014-05-05,Malaysia,807,353,454
2014-05-06,Malaysia,1235,412,823
2014-05-07,Malaysia,1238,509,729
2014-05-08,Malaysia,1425,560,865
2014-05-09,Malaysia,518,143,375
2014-05-10,Malaysia,898,303,595
2014-05-11,Malaysia,2204,703,1501
2014-05-12,Malaysia,1008,374,634
2014-05-13,Malaysia,3095,905,2190
2014-05-14,Malaysia,1098,447,651
2014-05-15,Malaysia,1545,663,882
2014-05-16,Malaysia,732,195,537
2014-05-17,Malaysia,1374,642,732
2014-05-18,Malaysia,3291,1191,2100
2014-05-19,Malaysia,820,268,552
2014-05-20,Malaysia,1409,520,889
2014-05-21,Malaysia,1643,574,1069
2014-05-22,Malaysia,1330,522,808
2014-05-23,Malaysia,1067,368,699
2014-05-24,Malaysia,1747,1031,716
2014-05-25,Malaysia,2182,720,1462
2014-05-26,Malaysia,1015,417,598
2014-05-27,Malaysia,1302,483,819
2014-05-28,Malaysia,1624,730,894
2014-05-29,Malaysia,1115,370,745
2014-05-30,Malaysia,832,302,530
2014-05-31,Malaysia,1040,368,672
2014-06-01,Malaysia,1694,555,1139
2014-06-02,Malaysia,535,151,384
2014-06-03,Malaysia,853,301,552
2014-06-04,Malaysia,1124,384,740
2014-06-05,Malaysia,1359,379,980
2014-06-06,Malaysia,822,249,573
2014-06-07,Malaysia,2009,1103,906
2014-06-08,Malaysia,2117,662,1455
2014-06-09,Malaysia,661,291,370
2014-06-10,Malaysia,1201,456,745
2014-06-11,Malaysia,1453,632,821
2014-06-12,Malaysia,1835,739,1096
2014-06-13,Malaysia,1144,377,767
2014-06-14,Malaysia,1507,887,620
2014-06-15,Malaysia,2476,711,1765
2014-06-16,Malaysia,1268,470,798
2014-06-17,Malaysia,1704,697,1007
2014-06-18,Malaysia,1956,861,1095
2014-06-19,Malaysia,1694,703,991
2014-06-20,Malaysia,819,290,529
2014-06-21,Malaysia,2359,981,1378
2014-06-22,Malaysia,3155,1122,2033
2014-06-23,Malaysia,1472,546,926
2014-06-24,Malaysia,1603,716,887
2014-06-25,Malaysia,1563,636,927
2014-06-26,Malaysia,1630,474,1156
2014-06-27,Malaysia,991,280,711
2014-06-28,Malaysia,1886,628,1258
2014-06-29,Malaysia,1342,388,954
2014-06-30,Malaysia,297,101,196
2014-07-01,Malaysia,497,166,331
2014-07-02,Malaysia,751,360,391
2014-07-03,Malaysia,599,267,332
2014-07-04,Malaysia,373,111,262
2014-07-05,Malaysia,812,314,498
2014-07-06,Malaysia,2470,787,1683
2014-07-07,Malaysia,537,157,380
2014-07-08,Malaysia,743,426,317
2014-07-09,Malaysia,1071,541,530
2014-07-10,Malaysia,719,348,371
2014-07-11,Malaysia,557,234,323
2014-07-12,Malaysia,919,347,572
2014-07-13,Malaysia,2591,791,1800
2014-07-14,Malaysia,623,289,334
2014-07-15,Malaysia,410,122,288
2014-07-16,Malaysia,1269,650,619
2014-07-17,Malaysia,822,459,363
2014-07-18,Malaysia,803,390,413
2014-07-19,Malaysia,948,346,602
2014-07-20,Malaysia,2995,771,2224
2014-07-21,Malaysia,698,297,401
2014-07-22,Malaysia,1109,478,631
2014-07-23,Malaysia,1375,581,794
2014-07-24,Malaysia,1197,474,723
2014-07-25,Malaysia,834,249,585
2014-07-26,Malaysia,643,173,470
2014-07-27,Malaysia,820,243,577
2014-07-28,Malaysia,14,6,8
2014-07-29,Malaysia,33,8,25
2014-07-30,Malaysia,543,141,402
2014-07-31,Malaysia,704,209,495
2014-08-01,Malaysia,747,219,528
2014-08-02,Malaysia,1126,433,693
2014-08-03,Malaysia,2032,621,1411
2014-08-04,Malaysia,653,167,486
2014-08-05,Malaysia,1284,409,875
2014-08-06,Malaysia,1551,611,940
2014-08-07,Malaysia,1612,730,882
2014-08-08,Malaysia,1224,450,774
2014-08-09,Malaysia,1566,631,935
2014-08-10,Malaysia,2753,940,1813
2014-08-11,Malaysia,783,270,513
2014-08-12,Malaysia,1508,602,906
2014-08-13,Malaysia,1695,701,994
2014-08-14,Malaysia,2171,1000,1171
2014-08-15,Malaysia,1361,525,836
2014-08-16,Malaysia,1137,465,672
2014-08-17,Malaysia,2881,824,2057
2014-08-18,Malaysia,1009,344,665
2014-08-19,Malaysia,1560,643,917
2014-08-20,Malaysia,2107,951,1156
2014-08-21,Malaysia,1557,571,986
2014-08-22,Malaysia,836,242,594
2014-08-23,Malaysia,1556,672,884
2014-08-24,Malaysia,2417,770,1647
2014-08-25,Malaysia,902,313,589
2014-08-26,Malaysia,1394,636,758
2014-08-27,Malaysia,1911,998,913
2014-08-28,Malaysia,1270,568,702
2014-08-29,Malaysia,1079,371,708
2014-08-30,Malaysia,1282,450,832
2014-08-31,Malaysia,1997,739,1258
2014-09-01,Malaysia,932,305,627
2014-09-02,Malaysia,793,225,568
2014-09-03,Malaysia,1320,583,737
2014-09-04,Malaysia,1015,316,699
2014-09-05,Malaysia,1093,460,633
2014-09-06,Malaysia,2436,784,1652
2014-09-07,Malaysia,2163,684,1479
2014-09-08,Malaysia,1025,468,557
2014-09-09,Malaysia,1666,805,861
2014-09-10,Malaysia,1806,708,1098
2014-09-11,Malaysia,1227,518,709
2014-09-12,Malaysia,564,152,412
2014-09-13,Malaysia,1196,474,722
2014-09-14,Malaysia,2132,714,1418
2014-09-15,Malaysia,598,142,456
2014-09-16,Malaysia,1334,483,851
2014-09-17,Malaysia,1527,584,943
2014-09-18,Malaysia,1739,667,1072
2014-09-19,Malaysia,989,335,654
2014-09-20,Malaysia,1571,600,971
2014-09-21,Malaysia,2544,771,1773
2014-09-22,Malaysia,1376,494,882
2014-09-23,Malaysia,1668,613,1055
2014-09-24,Malaysia,3277,1248,2029
2014-09-25,Malaysia,2066,848,1218
2014-09-26,Malaysia,1157,377,780
2014-09-27,Malaysia,2676,1105,1571
2014-09-28,Malaysia,2625,718,1907
2014-09-29,Malaysia,1150,357,793
2014-09-30,Malaysia,1871,770,1101
2014-10-01,Malaysia,1645,723,922
2014-10-02,Malaysia,1220,572,648
2014-10-03,Malaysia,539,132,407
2014-10-04,Malaysia,613,163,450
2014-10-05,Malaysia,405,119,286
2014-10-06,Malaysia,414,157,257
2014-10-07,Malaysia,1171,384,787
2014-10-08,Malaysia,1254,449,805
2014-10-09,Malaysia,993,379,614
2014-10-10,Malaysia,1338,451,887
2014-10-11,Malaysia,1458,691,767
2014-10-12,Malaysia,2273,657,1616
2014-10-13,Malaysia,1288,426,862
2014-10-14,Malaysia,2149,778,1371
2014-10-15,Malaysia,2021,776,1245
2014-10-16,Malaysia,1844,717,1127
2014-10-17,Malaysia,1499,534,965
2014-10-18,Malaysia,1622,1042,580
2014-10-19,Malaysia,3206,1221,1985
2014-10-20,Malaysia,867,325,542
2014-10-21,Malaysia,1003,432,571
2014-10-22,Malaysia,1123,291,832
2014-10-23,Malaysia,828,255,573
2014-10-24,Malaysia,597,211,386
2014-10-25,Malaysia,901,422,479
2014-10-26,Malaysia,1721,530,1191
2014-10-27,Malaysia,921,336,585
2014-10-28,Malaysia,1313,426,887
2014-10-29,Malaysia,1700,770,930
2014-10-30,Malaysia,1501,582,919
2014-10-31,Malaysia,1010,318,692
2014-11-01,Malaysia,1290,705,585
2014-11-02,Malaysia,1527,421,1106
2014-11-03,Malaysia,874,332,542
2014-11-04,Malaysia,1289,395,894
2014-11-05,Malaysia,1665,480,1185
2014-11-06,Malaysia,1197,498,699
2014-11-07,Malaysia,676,223,453
2014-11-08,Malaysia,1208,454,754
2014-11-09,Malaysia,2294,632,1662
2014-11-10,Malaysia,825,251,574
2014-11-11,Malaysia,1525,547,978
2014-11-12,Malaysia,1809,702,1107
2014-11-13,Malaysia,1200,404,796
2014-11-14,Malaysia,925,322,603
2014-11-15,Malaysia,1198,528,670
2014-11-16,Malaysia,2058,527,1531
2014-11-17,Malaysia,991,332,659
2014-11-18,Malaysia,1258,441,817
2014-11-19,Malaysia,1716,567,1149
2014-11-20,Malaysia,1765,672,1093
2014-11-21,Malaysia,937,375,562
2014-11-22,Malaysia,921,348,573
2014-11-23,Malaysia,2023,613,1410
2014-11-24,Malaysia,887,314,573
2014-11-25,Malaysia,1253,508,745
2014-11-26,Malaysia,1444,544,900
2014-11-27,Malaysia,1368,407,961
2014-11-28,Malaysia,1209,317,892
2014-11-29,Malaysia,1179,436,743
2014-11-30,Malaysia,2365,678,1687
2014-12-01,Malaysia,854,272,582
2014-12-02,Malaysia,1126,434,692
2014-12-03,Malaysia,1459,596,863
2014-12-04,Malaysia,1788,809,979
2014-12-05,Malaysia,965,332,633
2014-12-06,Malaysia,1258,497,761
2014-12-07,Malaysia,2693,706,1987
2014-12-08,Malaysia,829,245,584
2014-12-09,Malaysia,1467,577,890
2014-12-10,Malaysia,1452,536,916
2014-12-11,Malaysia,1422,628,794
2014-12-12,Malaysia,577,192,385
2014-12-13,Malaysia,1053,457,596
2014-12-14,Malaysia,2286,566,1720
2014-12-15,Malaysia,807,230,577
2014-12-16,Malaysia,1457,564,893
2014-12-17,Malaysia,1533,695,838
2014-12-18,Malaysia,1326,548,778
2014-12-19,Malaysia,988,241,747
2014-12-20,Malaysia,1481,817,664
2014-12-21,Malaysia,1841,474,1367
2014-12-22,Malaysia,822,249,573
2014-12-23,Malaysia,871,303,568
2014-12-24,Malaysia,918,353,565
2014-12-25,Malaysia,868,257,611
2014-12-26,Malaysia,645,126,519
2014-12-27,Malaysia,951,296,655
2014-12-28,Malaysia,2325,888,1437
2014-12-29,Malaysia,935,306,629
2014-12-30,Malaysia,1136,338,798
2014-12-31,Malaysia,1347,476,871
2015-01-01,Malaysia,1557,492,1065
2015-01-02,Malaysia,1099,289,810
2015-01-03,Malaysia,1975,636,1339
2015-01-04,Malaysia,2073,713,1360
2015-01-05,Malaysia,1103,278,825
2015-01-06,Malaysia,1296,503,793
2015-01-07,Malaysia,2602,1056,1546
2015-01-08,Malaysia,1578,524,1054
2015-01-09,Malaysia,1655,654,1001
2015-01-10,Malaysia,2074,760,1314
2015-01-11,Malaysia,2770,882,1888
2015-01-12,Malaysia,941,267,674
2015-01-13,Malaysia,1513,489,1024
2015-01-14,Malaysia,2147,855,1292
2015-01-15,Malaysia,1824,706,1118
2015-01-16,Malaysia,1072,398,674
2015-01-17,Malaysia,2123,1136,987
2015-01-18,Malaysia,1882,658,1224
2015-01-19,Malaysia,1543,667,876
2015-01-20,Malaysia,1820,869,951
2015-01-21,Malaysia,1751,792,959
2015-01-22,Malaysia,1485,636,849
2015-01-23,Malaysia,581,204,377
2015-01-24,Malaysia,2429,1843,586
2015-01-25,Malaysia,1839,556,1283
2015-01-26,Malaysia,852,282,570
2015-01-27,Malaysia,1087,429,658
2015-01-28,Malaysia,1638,705,933
2015-01-29,Malaysia,1672,752,920
2015-01-30,Malaysia,745,181,564
2015-01-31,Malaysia,1675,1005,670
2015-02-01,Malaysia,1391,535,856
2015-02-02,Malaysia,908,296,612
2015-02-03,Malaysia,3120,1297,1823
2015-02-04,Malaysia,1104,462,642
2015-02-05,Malaysia,1609,732,877
2015-02-06,Malaysia,645,239,406
2015-02-07,Malaysia,1455,681,774
2015-02-08,Malaysia,1782,625,1157
2015-02-09,Malaysia,1181,518,663
2015-02-10,Malaysia,1344,486,858
2015-02-11,Malaysia,1297,476,821
2015-02-12,Malaysia,1883,802,1081
2015-02-13,Malaysia,769,257,512
2015-02-14,Malaysia,1340,530,810
2015-02-15,Malaysia,1815,554,1261
2015-02-16,Malaysia,1314,414,900
2015-02-17,Malaysia,1502,513,989
2015-02-18,Malaysia,1754,730,1024
2015-02-19,Malaysia,389,140,249
2015-02-20,Malaysia,373,124,249
2015-02-21,Malaysia,970,337,633
2015-02-22,Malaysia,933,295,638
2015-02-23,Malaysia,1039,351,688
2015-02-24,Malaysia,1611,632,979
2015-02-25,Malaysia,1723,683,1040
2015-02-26,Malaysia,1846,868,978
2015-02-27,Malaysia,977,355,622
2015-02-28,Malaysia,1607,686,921
2015-03-01,Malaysia,1553,496,1057
2015-03-02,Malaysia,834,302,532
2015-03-03,Malaysia,1302,407,895
2015-03-04,Malaysia,1490,491,999
2015-03-05,Malaysia,1525,613,912
2015-03-06,Malaysia,817,280,537
2015-03-07,Malaysia,1718,701,1017
2015-03-08,Malaysia,2671,686,1985
2015-03-09,Malaysia,910,291,619
2015-03-10,Malaysia,1850,625,1225
2015-03-11,Malaysia,2148,801,1347
2015-03-12,Malaysia,1661,496,1165
2015-03-13,Malaysia,1306,361,945
2015-03-14,Malaysia,1465,524,941
2015-03-15,Malaysia,2811,685,2126
2015-03-16,Malaysia,871,243,628
2015-03-17,Malaysia,1400,535,865
2015-03-18,Malaysia,1622,597,1025
2015-03-19,Malaysia,1201,424,777
2015-03-20,Malaysia,834,246,588
2015-03-21,Malaysia,1218,429,789
2015-03-22,Malaysia,2780,797,1983
2015-03-23,Malaysia,860,288,572
2015-03-24,Malaysia,1535,533,1002
2015-03-25,Malaysia,2087,880,1207
2015-03-26,Malaysia,1549,515,1034
2015-03-27,Malaysia,850,278,572
2015-03-28,Malaysia,1686,663,1023
2015-03-29,Malaysia,1568,466,1102
2015-03-30,Malaysia,772,231,541
2015-03-31,Malaysia,1374,520,854
2015-04-01,Malaysia,1405,601,804
2015-04-02,Malaysia,1370,574,796
2015-04-03,Malaysia,1105,542,563
2015-04-04,Malaysia,1610,537,1073
2015-04-05,Malaysia,1514,474,1040
2015-04-06,Malaysia,1207,306,901
2015-04-07,Malaysia,1824,589,1235
2015-04-08,Malaysia,1714,563,1151
2015-04-09,Malaysia,1428,492,936
2015-04-10,Malaysia,1117,338,779
2015-04-11,Malaysia,1760,659,1101
2015-04-12,Malaysia,2149,544,1605
2015-04-13,Malaysia,1110,366,744
2015-04-14,Malaysia,1479,413,1066
2015-04-15,Malaysia,1546,491,1055
2015-04-16,Malaysia,1462,599,863
2015-04-17,Malaysia,907,251,656
2015-04-18,Malaysia,1601,620,981
2015-04-19,Malaysia,2812,746,2066
2015-04-20,Malaysia,1805,611,1194
2015-04-21,Malaysia,1851,630,1221
2015-04-22,Malaysia,1354,374,980
2015-04-23,Malaysia,1452,558,894
2015-04-24,Malaysia,1022,324,698
2015-04-25,Malaysia,1481,596,885
2015-04-26,Malaysia,2821,847,1974
2015-04-27,Malaysia,625,177,448
2015-04-28,Malaysia,1330,430,900
2015-04-29,Malaysia,1278,517,761
2015-04-30,Malaysia,1171,360,811
2015-05-01,Malaysia,3263,716,2547
2015-05-02,Malaysia,915,272,643
2015-05-03,Malaysia,2847,778,2069
2015-05-04,Malaysia,496,188,308
2015-05-05,Malaysia,1027,336,691
2015-05-06,Malaysia,1776,681,1095
2015-05-07,Malaysia,1232,460,772
2015-05-08,Malaysia,1172,510,662
2015-05-09,Malaysia,1171,394,777
2015-05-10,Malaysia,2835,764,2071
2015-05-11,Malaysia,829,283,546
2015-05-12,Malaysia,1495,475,1020
2015-05-13,Malaysia,1220,424,796
2015-05-14,Malaysia,1369,481,888
2015-05-15,Malaysia,935,241,694
2015-05-16,Malaysia,1516,619,897
2015-05-17,Malaysia,2311,609,1702
2015-05-18,Malaysia,780,224,556
2015-05-19,Malaysia,1213,397,816
2015-05-20,Malaysia,1189,368,821
2015-05-21,Malaysia,3444,1438,2006
2015-05-22,Malaysia,726,216,510
2015-05-23,Malaysia,1256,507,749
2015-05-24,Malaysia,2128,494,1634
2015-05-25,Malaysia,992,275,717
2015-05-26,Malaysia,1571,553,1018
2015-05-27,Malaysia,2038,946,1092
2015-05-28,Malaysia,1135,396,739
2015-05-29,Malaysia,1013,211,802
2015-05-30,Malaysia,1184,402,782
2015-05-31,Malaysia,1998,529,1469
2015-06-01,Malaysia,1116,305,811
2015-06-02,Malaysia,928,266,662
2015-06-03,Malaysia,1524,437,1087
2015-06-04,Malaysia,1323,426,897
2015-06-05,Malaysia,1203,354,849
2015-06-06,Malaysia,1234,507,727
2015-06-07,Malaysia,2159,529,1630
2015-06-08,Malaysia,1139,335,804
2015-06-09,Malaysia,1355,349,1006
2015-06-10,Malaysia,1736,511,1225
2015-06-11,Malaysia,2137,763,1374
2015-06-12,Malaysia,1793,550,1243
2015-06-13,Malaysia,2212,740,1472
2015-06-14,Malaysia,3806,1161,2645
2015-06-15,Malaysia,1501,410,1091
2015-06-16,Malaysia,2075,687,1388
2015-06-17,Malaysia,1602,461,1141
2015-06-18,Malaysia,195,64,131
2015-06-19,Malaysia,279,62,217
2015-06-20,Malaysia,741,206,535
2015-06-21,Malaysia,2347,535,1812
2015-06-22,Malaysia,399,143,256
2015-06-23,Malaysia,474,154,320
2015-06-24,Malaysia,760,322,438
2015-06-25,Malaysia,568,165,403
2015-06-26,Malaysia,716,174,542
2015-06-27,Malaysia,1520,579,941
2015-06-28,Malaysia,2317,583,1734
2015-06-29,Malaysia,653,287,366
2015-06-30,Malaysia,865,456,409
2015-07-01,Malaysia,1001,493,508
2015-07-02,Malaysia,1002,340,662
2015-07-03,Malaysia,789,421,368
2015-07-04,Malaysia,917,290,627
2015-07-05,Malaysia,3707,845,2862
2015-07-06,Malaysia,979,406,573
2015-07-07,Malaysia,1265,559,706
2015-07-08,Malaysia,1399,579,820
2015-07-09,Malaysia,1505,757,748
2015-07-10,Malaysia,1110,406,704
2015-07-11,Malaysia,1384,482,902
2015-07-12,Malaysia,2866,813,2053
2015-07-13,Malaysia,978,460,518
2015-07-14,Malaysia,1207,502,705
2015-07-15,Malaysia,657,144,513
2015-07-16,Malaysia,337,55,282
2015-07-17,Malaysia,13,2,11
2015-07-18,Malaysia,266,57,209
2015-07-19,Malaysia,997,338,659
2015-07-20,Malaysia,958,264,694
2015-07-21,Malaysia,1126,349,777
2015-07-22,Malaysia,1168,347,821
2015-07-23,Malaysia,1091,368,723
2015-07-24,Malaysia,1305,366,939
2015-07-25,Malaysia,1849,662,1187
2015-07-26,Malaysia,2839,796,2043
2015-07-27,Malaysia,1285,486,799
2015-07-28,Malaysia,2124,849,1275
2015-07-29,Malaysia,2204,960,1244
2015-07-30,Malaysia,1429,576,853
2015-07-31,Malaysia,685,185,500
2015-08-01,Malaysia,1429,561,868
2015-08-02,Malaysia,2588,680,1908
2015-08-03,Malaysia,1316,455,861
2015-08-04,Malaysia,1641,686,955
2015-08-05,Malaysia,1898,798,1100
2015-08-06,Malaysia,1505,720,785
2015-08-07,Malaysia,891,223,668
2015-08-08,Malaysia,1441,552,889
2015-08-09,Malaysia,2692,736,1956
2015-08-10,Malaysia,937,312,625
2015-08-11,Malaysia,1341,542,799
2015-08-12,Malaysia,4359,2639,1720
2015-08-13,Malaysia,1569,598,971
2015-08-14,Malaysia,1024,355,669
2015-08-15,Malaysia,1131,378,753
2015-08-16,Malaysia,3215,903,2312
2015-08-17,Malaysia,836,221,615
2015-08-18,Malaysia,1493,561,932
2015-08-19,Malaysia,2521,956,1565
2015-08-20,Malaysia,1726,713,1013
2015-08-21,Malaysia,1005,267,738
2015-08-22,Malaysia,1747,704,1043
2015-08-23,Malaysia,2587,790,1797
2015-08-24,Malaysia,1043,341,702
2015-08-25,Malaysia,1522,609,913
2015-08-26,Malaysia,2017,916,1101
2015-08-27,Malaysia,1759,857,902
2015-08-28,Malaysia,947,225,722
2015-08-29,Malaysia,981,288,693
2015-08-30,Malaysia,2290,818,1472
2015-08-31,Malaysia,1517,475,1042
2015-09-01,Malaysia,580,183,397
2015-09-02,Malaysia,1360,544,816
2015-09-03,Malaysia,1227,431,796
2015-09-04,Malaysia,1025,417,608
2015-09-05,Malaysia,2911,832,2079
2015-09-06,Malaysia,2454,651,1803
2015-09-07,Malaysia,1226,541,685
2015-09-08,Malaysia,1324,492,832
2015-09-09,Malaysia,1617,597,1020
2015-09-10,Malaysia,1515,500,1015
2015-09-11,Malaysia,992,422,570
2015-09-12,Malaysia,1557,621,936
2015-09-13,Malaysia,2928,862,2066
2015-09-14,Malaysia,1083,399,684
2015-09-15,Malaysia,1699,673,1026
2015-09-16,Malaysia,1939,721,1218
2015-09-17,Malaysia,1335,522,813
2015-09-18,Malaysia,1248,369,879
2015-09-19,Malaysia,1588,550,1038
2015-09-20,Malaysia,2630,676,1954
2015-09-21,Malaysia,1139,408,731
2015-09-22,Malaysia,1089,318,771
2015-09-23,Malaysia,782,186,596
2015-09-24,Malaysia,176,53,123
2015-09-25,Malaysia,602,148,454
2015-09-26,Malaysia,805,265,540
2015-09-27,Malaysia,1673,442,1231
2015-09-28,Malaysia,673,208,465
2015-09-29,Malaysia,1372,561,811
2015-09-30,Malaysia,1563,480,1083
2015-10-01,Malaysia,1142,414,728
2015-10-02,Malaysia,738,249,489
2015-10-03,Malaysia,1324,467,857
2015-10-04,Malaysia,2630,645,1985
2015-10-05,Malaysia,1300,356,944
2015-10-06,Malaysia,1091,304,787
2015-10-07,Malaysia,1427,545,882
2015-10-08,Malaysia,1811,663,1148
2015-10-09,Malaysia,846,260,586
2015-10-10,Malaysia,1333,562,771
2015-10-11,Malaysia,2151,545,1606
2015-10-12,Malaysia,1528,536,992
2015-10-13,Malaysia,1243,366,877
2015-10-14,Malaysia,1116,371,745
2015-10-15,Malaysia,1153,334,819
2015-10-16,Malaysia,945,298,647
2015-10-17,Malaysia,1117,359,758
2015-10-18,Malaysia,2254,683,1571
2015-10-19,Malaysia,867,276,591
2015-10-20,Malaysia,1656,677,979
2015-10-21,Malaysia,1561,581,980
2015-10-22,Malaysia,1640,546,1094
2015-10-23,Malaysia,861,220,641
2015-10-24,Malaysia,1741,932,809
2015-10-25,Malaysia,1793,459,1334
2015-10-26,Malaysia,1187,362,825
2015-10-27,Malaysia,1542,471,1071
2015-10-28,Malaysia,1692,571,1121
2015-10-29,Malaysia,1721,580,1141
2015-10-30,Malaysia,1187,393,794
2015-10-31,Malaysia,2615,892,1723
2015-11-01,Malaysia,2989,846,2143
2015-11-02,Malaysia,1164,337,827
2015-11-03,Malaysia,1703,529,1174
2015-11-04,Malaysia,1677,619,1058
2015-11-05,Malaysia,1770,611,1159
2015-11-06,Malaysia,604,162,442
2015-11-07,Malaysia,962,307,655
2015-11-08,Malaysia,2417,624,1793
2015-11-09,Malaysia,762,209,553
2015-11-10,Malaysia,1406,341,1065
2015-11-11,Malaysia,1136,398,738
2015-11-12,Malaysia,1599,502,1097
2015-11-13,Malaysia,891,254,637
2015-11-14,Malaysia,1056,315,741
2015-11-15,Malaysia,2084,547,1537
2015-11-16,Malaysia,983,231,752
2015-11-17,Malaysia,1845,567,1278
2015-11-18,Malaysia,1321,416,905
2015-11-19,Malaysia,1699,571,1128
2015-11-20,Malaysia,1191,411,780
2015-11-21,Malaysia,1254,509,745
2015-11-22,Malaysia,2378,541,1837
2015-11-23,Malaysia,1246,420,826
2015-11-24,Malaysia,1666,503,1163
2015-11-25,Malaysia,1797,584,1213
2015-11-26,Malaysia,1408,497,911
2015-11-27,Malaysia,969,247,722
2015-11-28,Malaysia,1269,458,811
2015-11-29,Malaysia,2492,774,1718
2015-11-30,Malaysia,998,280,718
2015-12-01,Malaysia,1430,496,934
2015-12-02,Malaysia,1622,549,1073
2015-12-03,Malaysia,1696,601,1095
2015-12-04,Malaysia,954,338,616
2015-12-05,Malaysia,1667,638,1029
2015-12-06,Malaysia,2357,518,1839
2015-12-07,Malaysia,1125,366,759
2015-12-08,Malaysia,1893,732,1161
2015-12-09,Malaysia,1771,663,1108
2015-12-10,Malaysia,1578,622,956
2015-12-11,Malaysia,875,218,657
2015-12-12,Malaysia,1336,474,862
2015-12-13,Malaysia,2418,672,1746
2015-12-14,Malaysia,805,220,585
2015-12-15,Malaysia,1580,455,1125
2015-12-16,Malaysia,1522,518,1004
2015-12-17,Malaysia,1695,696,999
2015-12-18,Malaysia,1067,289,778
2015-12-19,Malaysia,1414,717,697
2015-12-20,Malaysia,2458,573,1885
2015-12-21,Malaysia,694,140,554
2015-12-22,Malaysia,1316,339,977
2015-12-23,Malaysia,1082,379,703
2015-12-24,Malaysia,648,170,478
2015-12-25,Malaysia,976,265,711
2015-12-26,Malaysia,943,243,700
2015-12-27,Malaysia,1936,499,1437
2015-12-28,Malaysia,868,227,641
2015-12-29,Malaysia,1104,282,822
2015-12-30,Malaysia,1048,304,744
2015-12-31,Malaysia,1061,257,804
2016-01-01,Malaysia,1376,342,1034
2016-01-02,Malaysia,1057,335,722
2016-01-03,Malaysia,1760,461,1299
2016-01-04,Malaysia,831,188,643
2016-01-05,Malaysia,1127,345,782
2016-01-06,Malaysia,1289,437,852
2016-01-07,Malaysia,1099,426,673
2016-01-08,Malaysia,538,135,403
2016-01-09,Malaysia,1198,335,863
2016-01-10,Malaysia,2912,709,2203
2016-01-11,Malaysia,1022,273,749
2016-01-12,Malaysia,1543,475,1068
2016-01-13,Malaysia,1363,512,851
2016-01-14,Malaysia,1317,484,833
2016-01-15,Malaysia,749,253,496
2016-01-16,Malaysia,1181,425,756
2016-01-17,Malaysia,2332,588,1744
2016-01-18,Malaysia,1101,286,815
2016-01-19,Malaysia,2069,677,1392
2016-01-20,Malaysia,2080,780,1300
2016-01-21,Malaysia,1832,697,1135
2016-01-22,Malaysia,1433,488,945
2016-01-23,Malaysia,1024,263,761
2016-01-24,Malaysia,3335,1064,2271
2016-01-25,Malaysia,555,138,417
2016-01-26,Malaysia,1144,427,717
2016-01-27,Malaysia,1588,623,965
2016-01-28,Malaysia,2201,947,1254
2016-01-29,Malaysia,990,261,729
2016-01-30,Malaysia,1187,412,775
2016-01-31,Malaysia,1585,426,1159
2016-02-01,Malaysia,1007,394,613
2016-02-02,Malaysia,1470,621,849
2016-02-03,Malaysia,1913,665,1248
2016-02-04,Malaysia,1744,616,1128
2016-02-05,Malaysia,780,216,564
2016-02-06,Malaysia,1110,336,774
2016-02-07,Malaysia,851,250,601
2016-02-08,Malaysia,341,117,224
2016-02-09,Malaysia,691,205,486
2016-02-10,Malaysia,1179,330,849
2016-02-11,Malaysia,1433,512,921
2016-02-12,Malaysia,1035,306,729
2016-02-13,Malaysia,1371,483,888
2016-02-14,Malaysia,1477,408,1069
2016-02-15,Malaysia,892,262,630
2016-02-16,Malaysia,1627,542,1085
2016-02-17,Malaysia,1888,759,1129
2016-02-18,Malaysia,2167,909,1258
2016-02-19,Malaysia,938,282,656
2016-02-20,Malaysia,1371,444,927
2016-02-21,Malaysia,2093,568,1525
2016-02-22,Malaysia,1364,566,798
2016-02-23,Malaysia,1824,723,1101
2016-02-24,Malaysia,2162,722,1440
2016-02-25,Malaysia,1694,576,1118
2016-02-26,Malaysia,1264,390,874
2016-02-27,Malaysia,1460,699,761
2016-02-28,Malaysia,1972,541,1431
2016-02-29,Malaysia,1194,427,767
2016-03-01,Malaysia,1264,397,867
2016-03-02,Malaysia,1528,596,932
2016-03-03,Malaysia,1287,403,884
2016-03-04,Malaysia,584,136,448
2016-03-05,Malaysia,1274,486,788
2016-03-06,Malaysia,2310,545,1765
2016-03-07,Malaysia,930,286,644
2016-03-08,Malaysia,1588,625,963
2016-03-09,Malaysia,2083,764,1319
2016-03-10,Malaysia,1782,629,1153
2016-03-11,Malaysia,940,328,612
2016-03-12,Malaysia,1283,383,900
2016-03-13,Malaysia,2924,671,2253
2016-03-14,Malaysia,1410,400,1010
2016-03-15,Malaysia,1776,621,1155
2016-03-16,Malaysia,2016,664,1352
2016-03-17,Malaysia,1785,560,1225
2016-03-18,Malaysia,1394,463,931
2016-03-19,Malaysia,2008,649,1359
2016-03-20,Malaysia,2843,603,2240
2016-03-21,Malaysia,966,316,650
2016-03-22,Malaysia,1464,429,1035
2016-03-23,Malaysia,1470,510,960
2016-03-24,Malaysia,1447,457,990
2016-03-25,Malaysia,861,219,642
2016-03-26,Malaysia,1914,731,1183
2016-03-27,Malaysia,1859,476,1383
2016-03-28,Malaysia,1403,523,880
2016-03-29,Malaysia,1740,652,1088
2016-03-30,Malaysia,1754,703,1051
2016-03-31,Malaysia,2028,765,1263
2016-04-01,Malaysia,526,130,396
2016-04-02,Malaysia,2301,1278,1023
2016-04-03,Malaysia,1904,555,1349
2016-04-04,Malaysia,965,264,701
2016-04-05,Malaysia,1722,666,1056
2016-04-06,Malaysia,2319,803,1516
2016-04-07,Malaysia,1738,620,1118
2016-04-08,Malaysia,1214,391,823
2016-04-09,Malaysia,1291,432,859
2016-04-10,Malaysia,2245,485,1760
2016-04-11,Malaysia,805,259,546
2016-04-12,Malaysia,1555,594,961
2016-04-13,Malaysia,1774,593,1181
2016-04-14,Malaysia,1630,474,1156
2016-04-15,Malaysia,982,262,720
2016-04-16,Malaysia,1721,649,1072
2016-04-17,Malaysia,3052,683,2369
2016-04-18,Malaysia,1151,354,797
2016-04-19,Malaysia,1468,484,984
2016-04-20,Malaysia,1590,556,1034
2016-04-21,Malaysia,1782,726,1056
2016-04-22,Malaysia,1136,268,868
2016-04-23,Malaysia,1689,638,1051
2016-04-24,Malaysia,2624,644,1980
2016-04-25,Malaysia,1123,448,675
2016-04-26,Malaysia,1269,472,797
2016-04-27,Malaysia,1776,626,1150
2016-04-28,Malaysia,1860,674,1186
2016-04-29,Malaysia,648,224,424
2016-04-30,Malaysia,1076,365,711
2016-05-01,Malaysia,3960,985,2975
2016-05-02,Malaysia,829,286,543
2016-05-03,Malaysia,787,233,554
2016-05-04,Malaysia,1458,458,1000
2016-05-05,Malaysia,1560,658,902
2016-05-06,Malaysia,955,286,669
2016-05-07,Malaysia,1532,535,997
2016-05-08,Malaysia,2736,758,1978
2016-05-09,Malaysia,1068,418,650
2016-05-10,Malaysia,1536,465,1071
2016-05-11,Malaysia,1775,645,1130
2016-05-12,Malaysia,2128,723,1405
2016-05-13,Malaysia,1036,321,715
2016-05-14,Malaysia,1514,515,999
2016-05-15,Malaysia,2773,710,2063
2016-05-16,Malaysia,1038,315,723
2016-05-17,Malaysia,1765,595,1170
2016-05-18,Malaysia,2026,643,1383
2016-05-19,Malaysia,1172,376,796
2016-05-20,Malaysia,1475,456,1019
2016-05-21,Malaysia,3102,849,2253
2016-05-22,Malaysia,2094,564,1530
2016-05-23,Malaysia,1533,485,1048
2016-05-24,Malaysia,1971,539,1432
2016-05-25,Malaysia,2174,836,1338
2016-05-26,Malaysia,1969,648,1321
2016-05-27,Malaysia,1440,411,1029
2016-05-28,Malaysia,1293,499,794
2016-05-29,Malaysia,2262,540,1722
2016-05-30,Malaysia,1249,427,822
2016-05-31,Malaysia,1652,477,1175
2016-06-01,Malaysia,1705,454,1251
2016-06-02,Malaysia,1717,546,1171
2016-06-03,Malaysia,1599,372,1227
2016-06-04,Malaysia,2670,780,1890
2016-06-05,Malaysia,2497,682,1815
2016-06-06,Malaysia,229,39,190
2016-06-07,Malaysia,354,91,263
2016-06-08,Malaysia,679,216,463
2016-06-09,Malaysia,856,281,575
2016-06-10,Malaysia,787,215,572
2016-06-11,Malaysia,659,237,422
2016-06-12,Malaysia,2917,604,2313
2016-06-13,Malaysia,486,141,345
2016-06-14,Malaysia,807,271,536
2016-06-15,Malaysia,1107,459,648
2016-06-16,Malaysia,864,329,535
2016-06-17,Malaysia,706,174,532
2016-06-18,Malaysia,1060,336,724
2016-06-19,Malaysia,1951,428,1523
2016-06-20,Malaysia,1083,394,689
2016-06-21,Malaysia,1343,484,859
2016-06-22,Malaysia,593,195,398
2016-06-23,Malaysia,1440,672,768
2016-06-24,Malaysia,1379,534,845
2016-06-25,Malaysia,1636,664,972
2016-06-26,Malaysia,2780,649,2131
2016-06-27,Malaysia,580,187,393
2016-06-28,Malaysia,1081,524,557
2016-06-29,Malaysia,1185,595,590
2016-06-30,Malaysia,1003,368,635
2016-07-01,Malaysia,866,292,574
2016-07-02,Malaysia,825,264,561
2016-07-03,Malaysia,2733,616,2117
2016-07-04,Malaysia,644,204,440
2016-07-05,Malaysia,329,55,274
2016-07-06,Malaysia,5,1,4
2016-07-07,Malaysia,109,10,99
2016-07-08,Malaysia,432,112,320
2016-07-09,Malaysia,858,272,586
2016-07-10,Malaysia,2344,601,1743
2016-07-11,Malaysia,834,165,669
2016-07-12,Malaysia,1310,429,881
2016-07-13,Malaysia,1506,470,1036
2016-07-14,Malaysia,1264,476,788
2016-07-15,Malaysia,914,248,666
2016-07-16,Malaysia,1946,706,1240
2016-07-17,Malaysia,3203,831,2372
2016-07-18,Malaysia,769,154,615
2016-07-19,Malaysia,1281,413,868
2016-07-20,Malaysia,1778,721,1057
2016-07-21,Malaysia,2046,919,1127
2016-07-22,Malaysia,939,242,697
2016-07-23,Malaysia,1662,620,1042
2016-07-24,Malaysia,2569,757,1812
2016-07-25,Malaysia,1014,336,678
2016-07-26,Malaysia,1450,566,884
2016-07-27,Malaysia,2158,911,1247
2016-07-28,Malaysia,1601,588,1013
2016-07-29,Malaysia,875,235,640
2016-07-30,Malaysia,1414,495,919
2016-07-31,Malaysia,2412,662,1750
2016-08-01,Malaysia,725,204,521
2016-08-02,Malaysia,1445,597,848
2016-08-03,Malaysia,1746,682,1064
2016-08-04,Malaysia,1478,595,883
2016-08-05,Malaysia,1119,386,733
2016-08-06,Malaysia,2728,853,1875
2016-08-07,Malaysia,2931,817,2114
2016-08-08,Malaysia,692,198,494
2016-08-09,Malaysia,1986,784,1202
2016-08-10,Malaysia,1823,671,1152
2016-08-11,Malaysia,1578,604,974
2016-08-12,Malaysia,1318,354,964
2016-08-13,Malaysia,1950,679,1271
2016-08-14,Malaysia,2611,706,1905
2016-08-15,Malaysia,1372,506,866
2016-08-16,Malaysia,2369,1004,1365
2016-08-17,Malaysia,1510,546,964
2016-08-18,Malaysia,1475,507,968
2016-08-19,Malaysia,1152,412,740
2016-08-20,Malaysia,1732,599,1133
2016-08-21,Malaysia,2572,677,1895
2016-08-22,Malaysia,1028,349,679
2016-08-23,Malaysia,1475,513,962
2016-08-24,Malaysia,1844,625,1219
2016-08-25,Malaysia,2143,805,1338
2016-08-26,Malaysia,1342,360,982
2016-08-27,Malaysia,1544,544,1000
2016-08-28,Malaysia,2560,671,1889
2016-08-29,Malaysia,1402,467,935
2016-08-30,Malaysia,1776,747,1029
2016-08-31,Malaysia,1704,483,1221
2016-09-01,Malaysia,1500,596,904
2016-09-02,Malaysia,1094,534,560
2016-09-03,Malaysia,1799,752,1047
2016-09-04,Malaysia,2790,653,2137
2016-09-05,Malaysia,822,202,620
2016-09-06,Malaysia,1673,590,1083
2016-09-07,Malaysia,1963,780,1183
2016-09-08,Malaysia,1334,519,815
2016-09-09,Malaysia,910,310,600
2016-09-10,Malaysia,1087,339,748
2016-09-11,Malaysia,2017,477,1540
2016-09-12,Malaysia,187,47,140
2016-09-13,Malaysia,457,91,366
2016-09-14,Malaysia,926,244,682
2016-09-15,Malaysia,1084,264,820
2016-09-16,Malaysia,1901,670,1231
2016-09-17,Malaysia,1017,312,705
2016-09-18,Malaysia,2503,666,1837
2016-09-19,Malaysia,1069,325,744
2016-09-20,Malaysia,1716,579,1137
2016-09-21,Malaysia,1503,478,1025
2016-09-22,Malaysia,1432,433,999
2016-09-23,Malaysia,1129,268,861
2016-09-24,Malaysia,1356,512,844
2016-09-25,Malaysia,2348,664,1684
2016-09-26,Malaysia,1263,435,828
2016-09-27,Malaysia,2004,631,1373
2016-09-28,Malaysia,2053,748,1305
2016-09-29,Malaysia,1578,625,953
2016-09-30,Malaysia,1067,356,711
2016-10-01,Malaysia,1053,365,688
2016-10-02,Malaysia,2147,500,1647
2016-10-03,Malaysia,474,141,333
2016-10-04,Malaysia,2046,723,1323
2016-10-05,Malaysia,1444,548,896
2016-10-06,Malaysia,1077,362,715
2016-10-07,Malaysia,751,246,505
2016-10-08,Malaysia,1600,600,1000
2016-10-09,Malaysia,2574,743,1831
2016-10-10,Malaysia,907,221,686
2016-10-11,Malaysia,1382,391,991
2016-10-12,Malaysia,1898,663,1235
2016-10-13,Malaysia,1493,478,1015
2016-10-14,Malaysia,1157,322,835
2016-10-15,Malaysia,1018,357,661
2016-10-16,Malaysia,2379,626,1753
2016-10-17,Malaysia,867,238,629
2016-10-18,Malaysia,1489,470,1019
2016-10-19,Malaysia,1674,620,1054
2016-10-20,Malaysia,1653,569,1084
2016-10-21,Malaysia,1186,329,857
2016-10-22,Malaysia,1173,387,786
2016-10-23,Malaysia,2396,579,1817
2016-10-24,Malaysia,764,207,557
2016-10-25,Malaysia,1001,259,742
2016-10-26,Malaysia,1552,505,1047
2016-10-27,Malaysia,879,292,587
2016-10-28,Malaysia,630,168,462
2016-10-29,Malaysia,1266,391,875
2016-10-30,Malaysia,1556,459,1097
2016-10-31,Malaysia,512,147,365
2016-11-01,Malaysia,970,221,749
2016-11-02,Malaysia,1282,510,772
2016-11-03,Malaysia,1249,381,868
2016-11-04,Malaysia,665,173,492
2016-11-05,Malaysia,1387,470,917
2016-11-06,Malaysia,1985,436,1549
2016-11-07,Malaysia,1058,277,781
2016-11-08,Malaysia,1302,398,904
2016-11-09,Malaysia,1867,575,1292
2016-11-10,Malaysia,1310,393,917
2016-11-11,Malaysia,1347,497,850
2016-11-12,Malaysia,1222,424,798
2016-11-13,Malaysia,1999,542,1457
2016-11-14,Malaysia,727,182,545
2016-11-15,Malaysia,1376,427,949
2016-11-16,Malaysia,1391,392,999
2016-11-17,Malaysia,1565,487,1078
2016-11-18,Malaysia,1246,349,897
2016-11-19,Malaysia,2273,653,1620
2016-11-20,Malaysia,2308,536,1772
2016-11-21,Malaysia,864,236,628
2016-11-22,Malaysia,1329,363,966
2016-11-23,Malaysia,1736,465,1271
2016-11-24,Malaysia,1659,520,1139
2016-11-25,Malaysia,1264,303,961
2016-11-26,Malaysia,1144,348,796
2016-11-27,Malaysia,2165,639,1526
2016-11-28,Malaysia,666,146,520
2016-11-29,Malaysia,931,294,637
2016-11-30,Malaysia,1279,363,916
2016-12-01,Malaysia,1435,433,1002
2016-12-02,Malaysia,804,206,598
2016-12-03,Malaysia,1093,355,738
2016-12-04,Malaysia,2628,551,2077
2016-12-05,Malaysia,927,257,670
2016-12-06,Malaysia,1130,295,835
2016-12-07,Malaysia,1772,654,1118
2016-12-08,Malaysia,1370,401,969
2016-12-09,Malaysia,808,197,611
2016-12-10,Malaysia,1154,417,737
2016-12-11,Malaysia,1382,366,1016
2016-12-12,Malaysia,506,163,343
2016-12-13,Malaysia,1040,339,701
2016-12-14,Malaysia,1316,416,900
2016-12-15,Malaysia,1341,439,902
2016-12-16,Malaysia,659,155,504
2016-12-17,Malaysia,2030,1125,905
2016-12-18,Malaysia,2392,557,1835
2016-12-19,Malaysia,1024,204,820
2016-12-20,Malaysia,1467,442,1025
2016-12-21,Malaysia,1246,406,840
2016-12-22,Malaysia,1345,425,920
2016-12-23,Malaysia,793,148,645
2016-12-24,Malaysia,884,242,642
2016-12-25,Malaysia,1539,429,1110
2016-12-26,Malaysia,715,153,562
2016-12-27,Malaysia,695,179,516
2016-12-28,Malaysia,831,231,600
2016-12-29,Malaysia,1243,432,811
2016-12-30,Malaysia,857,320,537
2016-12-31,Malaysia,901,220,681
2017-01-01,Malaysia,1307,284,1023
2017-01-02,Malaysia,1006,297,709
2017-01-03,Malaysia,638,90,548
2017-01-04,Malaysia,1071,316,755
2017-01-05,Malaysia,1151,305,846
2017-01-06,Malaysia,935,204,731
2017-01-07,Malaysia,1491,445,1046
2017-01-08,Malaysia,2908,592,2316
2017-01-09,Malaysia,1066,284,782
2017-01-10,Malaysia,1458,416,1042
2017-01-11,Malaysia,2116,722,1394
2017-01-12,Malaysia,1780,673,1107
2017-01-13,Malaysia,773,220,553
2017-01-14,Malaysia,1431,583,848
2017-01-15,Malaysia,2295,513,1782
2017-01-16,Malaysia,1037,288,749
2017-01-17,Malaysia,1579,482,1097
2017-01-18,Malaysia,2118,703,1415
2017-01-19,Malaysia,1765,565,1200
2017-01-20,Malaysia,1493,441,1052
2017-01-21,Malaysia,1678,650,1028
2017-01-22,Malaysia,2055,512,1543
2017-01-23,Malaysia,1091,362,729
2017-01-24,Malaysia,1645,530,1115
2017-01-25,Malaysia,2280,977,1303
2017-01-26,Malaysia,1502,456,1046
2017-01-27,Malaysia,973,400,573
2017-01-28,Malaysia,716,238,478
2017-01-29,Malaysia,815,268,547
2017-01-30,Malaysia,740,192,548
2017-01-31,Malaysia,836,201,635
2017-02-01,Malaysia,1242,331,911
2017-02-02,Malaysia,1217,460,757
2017-02-03,Malaysia,968,318,650
2017-02-04,Malaysia,1229,432,797
2017-02-05,Malaysia,1744,432,1312
2017-02-06,Malaysia,725,223,502
2017-02-07,Malaysia,1222,413,809
2017-02-08,Malaysia,1556,621,935
2017-02-09,Malaysia,3575,1315,2260
2017-02-10,Malaysia,1205,502,703
2017-02-11,Malaysia,1242,525,717
2017-02-12,Malaysia,2287,556,1731
2017-02-13,Malaysia,1062,386,676
2017-02-14,Malaysia,1887,682,1205
2017-02-15,Malaysia,1979,659,1320
2017-02-16,Malaysia,1612,693,919
2017-02-17,Malaysia,913,267,646
2017-02-18,Malaysia,1543,575,968
2017-02-19,Malaysia,2426,506,1920
2017-02-20,Malaysia,966,328,638
2017-02-21,Malaysia,1884,656,1228
2017-02-22,Malaysia,2265,670,1595
2017-02-23,Malaysia,1598,561,1037
2017-02-24,Malaysia,1002,247,755
2017-02-25,Malaysia,1715,518,1197
2017-02-26,Malaysia,2364,611,1753
2017-02-27,Malaysia,892,241,651
2017-02-28,Malaysia,1850,661,1189
2017-03-01,Malaysia,1798,625,1173
2017-03-02,Malaysia,1491,493,998
2017-03-03,Malaysia,861,302,559
2017-03-04,Malaysia,1477,468,1009
2017-03-05,Malaysia,2817,782,2035
2017-03-06,Malaysia,843,198,645
2017-03-07,Malaysia,1009,332,677
2017-03-08,Malaysia,1882,749,1133
2017-03-09,Malaysia,1355,507,848
2017-03-10,Malaysia,778,207,571
2017-03-11,Malaysia,1751,557,1194
2017-03-12,Malaysia,2797,675,2122
2017-03-13,Malaysia,1216,366,850
2017-03-14,Malaysia,1505,468,1037
2017-03-15,Malaysia,1576,549,1027
2017-03-16,Malaysia,1784,664,1120
2017-03-17,Malaysia,1078,346,732
2017-03-18,Malaysia,1408,442,966
2017-03-19,Malaysia,3079,757,2322
2017-03-20,Malaysia,1095,393,702
2017-03-21,Malaysia,1352,412,940
2017-03-22,Malaysia,2044,667,1377
2017-03-23,Malaysia,1524,517,1007
2017-03-24,Malaysia,979,221,758
2017-03-25,Malaysia,1665,574,1091
2017-03-26,Malaysia,2483,574,1909
2017-03-27,Malaysia,1264,400,864
2017-03-28,Malaysia,1776,496,1280
2017-03-29,Malaysia,2106,787,1319
2017-03-30,Malaysia,2015,721,1294
2017-03-31,Malaysia,838,228,610
2017-04-01,Malaysia,1492,421,1071
2017-04-02,Malaysia,1938,565,1373
2017-04-03,Malaysia,1008,300,708
2017-04-04,Malaysia,1400,371,1029
2017-04-05,Malaysia,1797,616,1181
2017-04-06,Malaysia,1782,673,1109
2017-04-07,Malaysia,954,292,662
2017-04-08,Malaysia,1538,560,978
2017-04-09,Malaysia,2184,480,1704
2017-04-10,Malaysia,881,302,579
2017-04-11,Malaysia,1742,547,1195
2017-04-12,Malaysia,1840,647,1193
2017-04-13,Malaysia,1373,401,972
2017-04-14,Malaysia,1002,268,734
2017-04-15,Malaysia,1545,490,1055
2017-04-16,Malaysia,2930,732,2198
2017-04-17,Malaysia,940,266,674
2017-04-18,Malaysia,1062,312,750
2017-04-19,Malaysia,1710,603,1107
2017-04-20,Malaysia,1817,675,1142
2017-04-21,Malaysia,891,237,654
2017-04-22,Malaysia,1708,565,1143
2017-04-23,Malaysia,2883,628,2255
2017-04-24,Malaysia,467,121,346
2017-04-25,Malaysia,1219,366,853
2017-04-26,Malaysia,1595,490,1105
2017-04-27,Malaysia,1409,408,1001
2017-04-28,Malaysia,968,210,758
2017-04-29,Malaysia,941,295,646
2017-04-30,Malaysia,1808,445,1363
2017-05-01,Malaysia,3353,648,2705
2017-05-02,Malaysia,1020,309,711
2017-05-03,Malaysia,1323,363,960
2017-05-04,Malaysia,1613,465,1148
2017-05-05,Malaysia,787,190,597
2017-05-06,Malaysia,1386,477,909
2017-05-07,Malaysia,2400,669,1731
2017-05-08,Malaysia,1277,413,864
2017-05-09,Malaysia,1889,551,1338
2017-05-10,Malaysia,2875,769,2106
2017-05-11,Malaysia,1587,504,1083
2017-05-12,Malaysia,814,258,556
2017-05-13,Malaysia,1563,534,1029
2017-05-14,Malaysia,2792,647,2145
2017-05-15,Malaysia,1285,363,922
2017-05-16,Malaysia,1524,406,1118
2017-05-17,Malaysia,1917,525,1392
2017-05-18,Malaysia,1868,471,1397
2017-05-19,Malaysia,1335,308,1027
2017-05-20,Malaysia,2418,750,1668
2017-05-21,Malaysia,3530,836,2694
2017-05-22,Malaysia,1267,357,910
2017-05-23,Malaysia,1736,494,1242
2017-05-24,Malaysia,1665,436,1229
2017-05-25,Malaysia,1694,486,1208
2017-05-26,Malaysia,1326,359,967
2017-05-27,Malaysia,284,74,210
2017-05-28,Malaysia,2108,466,1642
2017-05-29,Malaysia,497,84,413
2017-05-30,Malaysia,592,134,458
2017-05-31,Malaysia,585,121,464
2017-06-01,Malaysia,705,172,533
2017-06-02,Malaysia,686,165,521
2017-06-03,Malaysia,719,159,560
2017-06-04,Malaysia,1664,403,1261
2017-06-05,Malaysia,391,105,286
2017-06-06,Malaysia,802,201,601
2017-06-07,Malaysia,779,244,535
2017-06-08,Malaysia,904,314,590
2017-06-09,Malaysia,487,120,367
2017-06-10,Malaysia,914,290,624
2017-06-11,Malaysia,2311,483,1828
2017-06-12,Malaysia,531,182,349
2017-06-13,Malaysia,1017,418,599
2017-06-14,Malaysia,1178,567,611
2017-06-15,Malaysia,1182,506,676
2017-06-16,Malaysia,809,333,476
2017-06-17,Malaysia,1133,392,741
2017-06-18,Malaysia,3109,574,2535
2017-06-19,Malaysia,830,321,509
2017-06-20,Malaysia,1180,517,663
2017-06-21,Malaysia,880,325,555
2017-06-22,Malaysia,1007,339,668
2017-06-23,Malaysia,686,176,510
2017-06-24,Malaysia,917,291,626
2017-06-25,Malaysia,71,11,60
2017-06-26,Malaysia,24,7,17
2017-06-27,Malaysia,461,107,354
2017-06-28,Malaysia,798,188,610
2017-06-29,Malaysia,982,231,751
2017-06-30,Malaysia,849,184,665
2017-07-01,Malaysia,1376,375,1001
2017-07-02,Malaysia,2470,503,1967
2017-07-03,Malaysia,831,165,666
2017-07-04,Malaysia,1219,298,921
2017-07-05,Malaysia,1365,383,982
2017-07-06,Malaysia,1329,453,876
2017-07-07,Malaysia,765,202,563
2017-07-08,Malaysia,1613,520,1093
2017-07-09,Malaysia,2789,597,2192
2017-07-10,Malaysia,1103,312,791
2017-07-11,Malaysia,1430,460,970
2017-07-12,Malaysia,1612,659,953
2017-07-13,Malaysia,1621,497,1124
2017-07-14,Malaysia,1063,350,713
2017-07-15,Malaysia,1637,500,1137
2017-07-16,Malaysia,2411,559,1852
2017-07-17,Malaysia,896,226,670
2017-07-18,Malaysia,1495,529,966
2017-07-19,Malaysia,2107,817,1290
2017-07-20,Malaysia,1783,534,1249
2017-07-21,Malaysia,1004,333,671
2017-07-22,Malaysia,1603,487,1116
2017-07-23,Malaysia,3216,790,2426
2017-07-24,Malaysia,1026,290,736
2017-07-25,Malaysia,2099,742,1357
2017-07-26,Malaysia,1720,685,1035
2017-07-27,Malaysia,1975,713,1262
2017-07-28,Malaysia,1337,416,921
2017-07-29,Malaysia,1414,378,1036
2017-07-30,Malaysia,2437,573,1864
2017-07-31,Malaysia,746,253,493
2017-08-01,Malaysia,1354,500,854
2017-08-02,Malaysia,1776,635,1141
2017-08-03,Malaysia,1744,718,1026
2017-08-04,Malaysia,1081,251,830
2017-08-05,Malaysia,3141,841,2300
2017-08-06,Malaysia,3853,1032,2821
2017-08-07,Malaysia,959,319,640
2017-08-08,Malaysia,1380,428,952
2017-08-09,Malaysia,1694,640,1054
2017-08-10,Malaysia,1330,541,789
2017-08-11,Malaysia,583,191,392
2017-08-12,Malaysia,1329,470,859
2017-08-13,Malaysia,2434,571,1863
2017-08-14,Malaysia,1060,290,770
2017-08-15,Malaysia,1502,456,1046
2017-08-16,Malaysia,1467,659,808
2017-08-17,Malaysia,1400,472,928
2017-08-18,Malaysia,1317,451,866
2017-08-19,Malaysia,1356,483,873
2017-08-20,Malaysia,3194,703,2491
2017-08-21,Malaysia,1179,380,799
2017-08-22,Malaysia,1560,505,1055
2017-08-23,Malaysia,1630,623,1007
2017-08-24,Malaysia,1322,453,869
2017-08-25,Malaysia,914,229,685
2017-08-26,Malaysia,1492,501,991
2017-08-27,Malaysia,2351,560,1791
2017-08-28,Malaysia,914,252,662
2017-08-29,Malaysia,1130,306,824
2017-08-30,Malaysia,808,200,608
2017-08-31,Malaysia,1611,450,1161
2017-09-01,Malaysia,219,56,163
2017-09-02,Malaysia,787,226,561
2017-09-03,Malaysia,1540,313,1227
2017-09-04,Malaysia,335,93,242
2017-09-05,Malaysia,857,215,642
2017-09-06,Malaysia,1917,766,1151
2017-09-07,Malaysia,1375,450,925
2017-09-08,Malaysia,764,166,598
2017-09-09,Malaysia,1911,771,1140
2017-09-10,Malaysia,2529,608,1921
2017-09-11,Malaysia,922,187,735
2017-09-12,Malaysia,1524,533,991
2017-09-13,Malaysia,1851,625,1226
2017-09-14,Malaysia,1270,374,896
2017-09-15,Malaysia,856,278,578
2017-09-16,Malaysia,2256,735,1521
2017-09-17,Malaysia,2233,593,1640
2017-09-18,Malaysia,1110,284,826
2017-09-19,Malaysia,1343,433,910
2017-09-20,Malaysia,1561,544,1017
2017-09-21,Malaysia,1302,457,845
2017-09-22,Malaysia,662,189,473
2017-09-23,Malaysia,1248,411,837
2017-09-24,Malaysia,2253,506,1747
2017-09-25,Malaysia,1140,322,818
2017-09-26,Malaysia,1515,493,1022
2017-09-27,Malaysia,1744,697,1047
2017-09-28,Malaysia,1507,519,988
2017-09-29,Malaysia,1283,311,972
2017-09-30,Malaysia,1288,483,805
2017-10-01,Malaysia,1945,506,1439
2017-10-02,Malaysia,750,182,568
2017-10-03,Malaysia,1111,357,754
2017-10-04,Malaysia,1583,511,1072
2017-10-05,Malaysia,1125,336,789
2017-10-06,Malaysia,785,227,558
2017-10-07,Malaysia,1638,573,1065
2017-10-08,Malaysia,2272,544,1728
2017-10-09,Malaysia,1202,446,756
2017-10-10,Malaysia,1998,622,1376
2017-10-11,Malaysia,2042,799,1243
2017-10-12,Malaysia,1687,573,1114
2017-10-13,Malaysia,883,264,619
2017-10-14,Malaysia,1281,425,856
2017-10-15,Malaysia,2587,587,2000
2017-10-16,Malaysia,1035,261,774
2017-10-17,Malaysia,1122,262,860
2017-10-18,Malaysia,996,209,787
2017-10-19,Malaysia,1000,220,780
2017-10-20,Malaysia,868,196,672
2017-10-21,Malaysia,1495,441,1054
2017-10-22,Malaysia,2013,443,1570
2017-10-23,Malaysia,727,170,557
2017-10-24,Malaysia,1352,446,906
2017-10-25,Malaysia,1808,521,1287
2017-10-26,Malaysia,1695,502,1193
2017-10-27,Malaysia,1178,384,794
2017-10-28,Malaysia,1757,623,1134
2017-10-29,Malaysia,2617,624,1993
2017-10-30,Malaysia,601,162,439
2017-10-31,Malaysia,1109,283,826
2017-11-01,Malaysia,1467,479,988
2017-11-02,Malaysia,1403,425,978
2017-11-03,Malaysia,793,250,543
2017-11-04,Malaysia,1617,515,1102
2017-11-05,Malaysia,1962,419,1543
2017-11-06,Malaysia,751,185,566
2017-11-07,Malaysia,1164,321,843
2017-11-08,Malaysia,1561,376,1185
2017-11-09,Malaysia,1632,493,1139
2017-11-10,Malaysia,812,179,633
2017-11-11,Malaysia,2874,761,2113
2017-11-12,Malaysia,2106,437,1669
2017-11-13,Malaysia,814,172,642
2017-11-14,Malaysia,1597,459,1138
2017-11-15,Malaysia,1180,388,792
2017-11-16,Malaysia,1340,482,858
2017-11-17,Malaysia,1109,299,810
2017-11-18,Malaysia,1328,455,873
2017-11-19,Malaysia,2197,367,1830
2017-11-20,Malaysia,1001,279,722
2017-11-21,Malaysia,1456,548,908
2017-11-22,Malaysia,2153,801,1352
2017-11-23,Malaysia,1955,607,1348
2017-11-24,Malaysia,1097,326,771
2017-11-25,Malaysia,1275,415,860
2017-11-26,Malaysia,2461,557,1904
2017-11-27,Malaysia,1074,230,844
2017-11-28,Malaysia,1733,502,1231
2017-11-29,Malaysia,1592,479,1113
2017-11-30,Malaysia,1418,373,1045
2017-12-01,Malaysia,411,109,302
2017-12-02,Malaysia,1061,455,606
2017-12-03,Malaysia,2337,432,1905
2017-12-04,Malaysia,505,122,383
2017-12-05,Malaysia,1210,347,863
2017-12-06,Malaysia,1995,697,1298
2017-12-07,Malaysia,1581,603,978
2017-12-08,Malaysia,803,234,569
2017-12-09,Malaysia,1220,410,810
2017-12-10,Malaysia,2490,597,1893
2017-12-11,Malaysia,975,264,711
2017-12-12,Malaysia,1398,357,1041
2017-12-13,Malaysia,1785,583,1202
2017-12-14,Malaysia,1141,307,834
2017-12-15,Malaysia,917,228,689
2017-12-16,Malaysia,1564,637,927
2017-12-17,Malaysia,2872,582,2290
2017-12-18,Malaysia,1042,273,769
2017-12-19,Malaysia,1329,352,977
2017-12-20,Malaysia,1747,574,1173
2017-12-21,Malaysia,1303,478,825
2017-12-22,Malaysia,656,138,518
2017-12-23,Malaysia,1075,340,735
2017-12-24,Malaysia,1751,504,1247
2017-12-25,Malaysia,586,133,453
2017-12-26,Malaysia,762,173,589
2017-12-27,Malaysia,1018,279,739
2017-12-28,Malaysia,967,268,699
2017-12-29,Malaysia,711,120,591
2017-12-30,Malaysia,1145,303,842
2017-12-31,Malaysia,1419,265,1154
2018-01-01,Malaysia,1417,291,1126
2018-01-02,Malaysia,931,251,680
2018-01-03,Malaysia,1475,528,947
2018-01-04,Malaysia,1469,575,894
2018-01-05,Malaysia,819,128,691
2018-01-06,Malaysia,1271,339,932
2018-01-07,Malaysia,2730,698,2032
2018-01-08,Malaysia,733,221,512
2018-01-09,Malaysia,1058,324,734
2018-01-10,Malaysia,1671,595,1076
2018-01-11,Malaysia,1634,648,986
2018-01-12,Malaysia,883,243,640
2018-01-13,Malaysia,1535,545,990
2018-01-14,Malaysia,2333,481,1852
2018-01-15,Malaysia,1164,369,795
2018-01-16,Malaysia,1806,562,1244
2018-01-17,Malaysia,1918,578,1340
2018-01-18,Malaysia,2181,753,1428
2018-01-19,Malaysia,1376,433,943
2018-01-20,Malaysia,1458,436,1022
2018-01-21,Malaysia,2086,587,1499
2018-01-22,Malaysia,953,291,662
2018-01-23,Malaysia,1687,550,1137
2018-01-24,Malaysia,1859,774,1085
2018-01-25,Malaysia,1874,690,1184
2018-01-26,Malaysia,1388,418,970
2018-01-27,Malaysia,1569,605,964
2018-01-28,Malaysia,2522,590,1932
2018-01-29,Malaysia,821,235,586
2018-01-30,Malaysia,1619,457,1162
2018-01-31,Malaysia,3376,1034,2342
2018-02-01,Malaysia,1079,363,716
2018-02-02,Malaysia,670,154,516
2018-02-03,Malaysia,1633,703,930
2018-02-04,Malaysia,1830,520,1310
2018-02-05,Malaysia,815,223,592
2018-02-06,Malaysia,1942,725,1217
2018-02-07,Malaysia,2356,926,1430
2018-02-08,Malaysia,1941,655,1286
2018-02-09,Malaysia,846,189,657
2018-02-10,Malaysia,1648,553,1095
2018-02-11,Malaysia,2154,660,1494
2018-02-12,Malaysia,1115,400,715
2018-02-13,Malaysia,2039,749,1290
2018-02-14,Malaysia,1633,665,968
2018-02-15,Malaysia,1708,748,960
2018-02-16,Malaysia,394,114,280
2018-02-17,Malaysia,1010,330,680
2018-02-18,Malaysia,1442,453,989
2018-02-19,Malaysia,975,217,758
2018-02-20,Malaysia,1481,429,1052
2018-02-21,Malaysia,1864,584,1280
2018-02-22,Malaysia,2147,781,1366
2018-02-23,Malaysia,1040,299,741
2018-02-24,Malaysia,1801,638,1163
2018-02-25,Malaysia,2411,632,1779
2018-02-26,Malaysia,1191,338,853
2018-02-27,Malaysia,1386,359,1027
2018-02-28,Malaysia,2388,870,1518
2018-03-01,Malaysia,1017,274,743
2018-03-02,Malaysia,815,247,568
2018-03-03,Malaysia,1697,495,1202
2018-03-04,Malaysia,2463,550,1913
2018-03-05,Malaysia,736,147,589
2018-03-06,Malaysia,1937,698,1239
2018-03-07,Malaysia,1810,527,1283
2018-03-08,Malaysia,1860,734,1126
2018-03-09,Malaysia,896,230,666
2018-03-10,Malaysia,1704,537,1167
2018-03-11,Malaysia,3219,710,2509
2018-03-12,Malaysia,883,205,678
2018-03-13,Malaysia,1568,554,1014
2018-03-14,Malaysia,1826,544,1282
2018-03-15,Malaysia,1742,489,1253
2018-03-16,Malaysia,536,127,409
2018-03-17,Malaysia,1816,544,1272
2018-03-18,Malaysia,3124,745,2379
2018-03-19,Malaysia,1092,306,786
2018-03-20,Malaysia,1713,511,1202
2018-03-21,Malaysia,1723,500,1223
2018-03-22,Malaysia,1327,421,906
2018-03-23,Malaysia,837,211,626
2018-03-24,Malaysia,1386,397,989
2018-03-25,Malaysia,3258,730,2528
2018-03-26,Malaysia,1096,335,761
2018-03-27,Malaysia,1943,605,1338
2018-03-28,Malaysia,1839,607,1232
2018-03-29,Malaysia,1821,559,1262
2018-03-30,Malaysia,1556,500,1056
2018-03-31,Malaysia,1606,672,934
2018-04-01,Malaysia,1962,528,1434
2018-04-02,Malaysia,1024,316,708
2018-04-03,Malaysia,1505,392,1113
2018-04-04,Malaysia,1567,371,1196
2018-04-05,Malaysia,2047,642,1405
2018-04-06,Malaysia,826,218,608
2018-04-07,Malaysia,1849,533,1316
2018-04-08,Malaysia,1979,358,1621
2018-04-09,Malaysia,1139,378,761
2018-04-10,Malaysia,1879,637,1242
2018-04-11,Malaysia,1774,611,1163
2018-04-12,Malaysia,1789,577,1212
2018-04-13,Malaysia,779,181,598
2018-04-14,Malaysia,1453,448,1005
2018-04-15,Malaysia,2853,775,2078
2018-04-16,Malaysia,1123,226,897
2018-04-17,Malaysia,1641,546,1095
2018-04-18,Malaysia,1629,479,1150
2018-04-19,Malaysia,1655,500,1155
2018-04-20,Malaysia,1103,306,797
2018-04-21,Malaysia,1889,567,1322
2018-04-22,Malaysia,2569,653,1916
2018-04-23,Malaysia,1339,457,882
2018-04-24,Malaysia,1462,412,1050
2018-04-25,Malaysia,1617,476,1141
2018-04-26,Malaysia,1572,470,1102
2018-04-27,Malaysia,1048,274,774
2018-04-28,Malaysia,1225,365,860
2018-04-29,Malaysia,2586,701,1885
2018-04-30,Malaysia,821,187,634
2018-05-01,Malaysia,4193,783,3410
2018-05-02,Malaysia,1464,444,1020
2018-05-03,Malaysia,1815,623,1192
2018-05-04,Malaysia,1205,310,895
2018-05-05,Malaysia,1770,557,1213
2018-05-06,Malaysia,2578,580,1998
2018-05-07,Malaysia,1758,533,1225
2018-05-08,Malaysia,988,188,800
2018-05-09,Malaysia,50,5,45
2018-05-10,Malaysia,324,69,255
2018-05-11,Malaysia,1154,305,849
2018-05-12,Malaysia,2377,746,1631
2018-05-13,Malaysia,3446,800,2646
2018-05-14,Malaysia,1592,441,1151
2018-05-15,Malaysia,2485,768,1717
2018-05-16,Malaysia,2136,524,1612
2018-05-17,Malaysia,263,62,201
2018-05-18,Malaysia,543,94,449
2018-05-19,Malaysia,955,290,665
2018-05-20,Malaysia,2110,451,1659
2018-05-21,Malaysia,532,123,409
2018-05-22,Malaysia,755,235,520
2018-05-23,Malaysia,1075,382,693
2018-05-24,Malaysia,1317,482,835
2018-05-25,Malaysia,742,166,576
2018-05-26,Malaysia,1350,488,862
2018-05-27,Malaysia,2920,551,2369
2018-05-28,Malaysia,835,170,665
2018-05-29,Malaysia,3416,756,2660
2018-05-30,Malaysia,960,259,701
2018-05-31,Malaysia,804,246,558
2018-06-01,Malaysia,713,170,543
2018-06-02,Malaysia,1005,302,703
2018-06-03,Malaysia,3431,631,2800
2018-06-04,Malaysia,1063,459,604
2018-06-05,Malaysia,1048,349,699
2018-06-06,Malaysia,1182,453,729
2018-06-07,Malaysia,864,310,554
2018-06-08,Malaysia,1074,412,662
2018-06-09,Malaysia,886,236,650
2018-06-10,Malaysia,2394,428,1966
2018-06-11,Malaysia,869,241,628
2018-06-12,Malaysia,921,238,683
2018-06-13,Malaysia,901,239,662
2018-06-14,Malaysia,402,70,332
2018-06-15,Malaysia,0,0,0
2018-06-16,Malaysia,106,10,96
2018-06-17,Malaysia,1029,253,776
2018-06-18,Malaysia,737,132,605
2018-06-19,Malaysia,1075,219,856
2018-06-20,Malaysia,1120,216,904
2018-06-21,Malaysia,1143,312,831
2018-06-22,Malaysia,1229,270,959
2018-06-23,Malaysia,1680,507,1173
2018-06-24,Malaysia,2949,614,2335
2018-06-25,Malaysia,1045,255,790
2018-06-26,Malaysia,1531,381,1150
2018-06-27,Malaysia,1832,596,1236
2018-06-28,Malaysia,1776,513,1263
2018-06-29,Malaysia,1119,331,788
2018-06-30,Malaysia,1728,643,1085
2018-07-01,Malaysia,2802,769,2033
2018-07-02,Malaysia,930,242,688
2018-07-03,Malaysia,1308,407,901
2018-07-04,Malaysia,1787,654,1133
2018-07-05,Malaysia,1371,463,908
2018-07-06,Malaysia,899,266,633
2018-07-07,Malaysia,1468,348,1120
2018-07-08,Malaysia,2741,631,2110
2018-07-09,Malaysia,1103,329,774
2018-07-10,Malaysia,1744,613,1131
2018-07-11,Malaysia,2189,838,1351
2018-07-12,Malaysia,1990,679,1311
2018-07-13,Malaysia,1141,348,793
2018-07-14,Malaysia,1892,581,1311
2018-07-15,Malaysia,3875,868,3007
2018-07-16,Malaysia,1041,340,701
2018-07-17,Malaysia,1435,415,1020
2018-07-18,Malaysia,2014,729,1285
2018-07-19,Malaysia,1937,640,1297
2018-07-20,Malaysia,1237,301,936
2018-07-21,Malaysia,1473,455,1018
2018-07-22,Malaysia,2524,559,1965
2018-07-23,Malaysia,1348,322,1026
2018-07-24,Malaysia,1608,470,1138
2018-07-25,Malaysia,2184,827,1357
2018-07-26,Malaysia,1835,680,1155
2018-07-27,Malaysia,1036,281,755
2018-07-28,Malaysia,1620,465,1155
2018-07-29,Malaysia,3043,735,2308
2018-07-30,Malaysia,1106,386,720
2018-07-31,Malaysia,1761,675,1086
2018-08-01,Malaysia,1665,668,997
2018-08-02,Malaysia,1630,579,1051
2018-08-03,Malaysia,741,196,545
2018-08-04,Malaysia,1443,431,1012
2018-08-05,Malaysia,2263,562,1701
2018-08-06,Malaysia,1553,567,986
2018-08-07,Malaysia,1758,610,1148
2018-08-08,Malaysia,2288,804,1484
2018-08-09,Malaysia,1782,848,934
2018-08-10,Malaysia,1140,551,589
2018-08-11,Malaysia,2441,767,1674
2018-08-12,Malaysia,3298,792,2506
2018-08-13,Malaysia,1262,482,780
2018-08-14,Malaysia,1562,509,1053
2018-08-15,Malaysia,2149,871,1278
2018-08-16,Malaysia,1680,582,1098
2018-08-17,Malaysia,1305,409,896
2018-08-18,Malaysia,3689,1018,2671
2018-08-19,Malaysia,4283,1169,3114
2018-08-20,Malaysia,939,247,692
2018-08-21,Malaysia,753,169,584
2018-08-22,Malaysia,100,14,86
2018-08-23,Malaysia,494,104,390
2018-08-24,Malaysia,751,186,565
2018-08-25,Malaysia,1454,397,1057
2018-08-26,Malaysia,2330,537,1793
2018-08-27,Malaysia,971,299,672
2018-08-28,Malaysia,1352,436,916
2018-08-29,Malaysia,1671,694,977
2018-08-30,Malaysia,1015,289,726
2018-08-31,Malaysia,2252,568,1684
2018-09-01,Malaysia,1124,281,843
2018-09-02,Malaysia,2272,582,1690
2018-09-03,Malaysia,753,212,541
2018-09-04,Malaysia,1449,423,1026
2018-09-05,Malaysia,1623,574,1049
2018-09-06,Malaysia,1457,389,1068
2018-09-07,Malaysia,829,197,632
2018-09-08,Malaysia,1550,510,1040
2018-09-09,Malaysia,2211,563,1648
2018-09-10,Malaysia,762,148,614
2018-09-11,Malaysia,690,215,475
2018-09-12,Malaysia,1069,356,713
2018-09-13,Malaysia,1685,608,1077
2018-09-14,Malaysia,1057,338,719
2018-09-15,Malaysia,1080,363,717
2018-09-16,Malaysia,2648,646,2002
2018-09-17,Malaysia,959,246,713
2018-09-18,Malaysia,1284,425,859
2018-09-19,Malaysia,1791,581,1210
2018-09-20,Malaysia,1290,470,820
2018-09-21,Malaysia,1128,377,751
2018-09-22,Malaysia,1170,395,775
2018-09-23,Malaysia,2267,524,1743
2018-09-24,Malaysia,1088,339,749
2018-09-25,Malaysia,1493,485,1008
2018-09-26,Malaysia,2188,930,1258
2018-09-27,Malaysia,1878,739,1139
2018-09-28,Malaysia,988,224,764
2018-09-29,Malaysia,1636,458,1178
2018-09-30,Malaysia,2652,535,2117
2018-10-01,Malaysia,1047,250,797
2018-10-02,Malaysia,1476,425,1051
2018-10-03,Malaysia,1648,589,1059
2018-10-04,Malaysia,1273,420,853
2018-10-05,Malaysia,1119,261,858
2018-10-06,Malaysia,1848,564,1284
2018-10-07,Malaysia,2312,419,1893
2018-10-08,Malaysia,1356,399,957
2018-10-09,Malaysia,1465,471,994
2018-10-10,Malaysia,1542,515,1027
2018-10-11,Malaysia,1727,541,1186
2018-10-12,Malaysia,1040,259,781
2018-10-13,Malaysia,1923,623,1300
2018-10-14,Malaysia,2697,604,2093
2018-10-15,Malaysia,730,165,565
2018-10-16,Malaysia,1212,322,890
2018-10-17,Malaysia,1765,552,1213
2018-10-18,Malaysia,1778,576,1202
2018-10-19,Malaysia,1101,356,745
2018-10-20,Malaysia,1274,362,912
2018-10-21,Malaysia,2486,559,1927
2018-10-22,Malaysia,1000,251,749
2018-10-23,Malaysia,1858,614,1244
2018-10-24,Malaysia,1812,679,1133
2018-10-25,Malaysia,1699,562,1137
2018-10-26,Malaysia,1591,485,1106
2018-10-27,Malaysia,1490,489,1001
2018-10-28,Malaysia,2715,615,2100
2018-10-29,Malaysia,1096,270,826
2018-10-30,Malaysia,1525,532,993
2018-10-31,Malaysia,1518,490,1028
2018-11-01,Malaysia,1455,405,1050
2018-11-02,Malaysia,684,193,491
2018-11-03,Malaysia,1242,298,944
2018-11-04,Malaysia,2263,478,1785
2018-11-05,Malaysia,878,156,722
2018-11-06,Malaysia,1280,284,996
2018-11-07,Malaysia,1271,344,927
2018-11-08,Malaysia,1327,309,1018
2018-11-09,Malaysia,836,191,645
2018-11-10,Malaysia,2762,651,2111
2018-11-11,Malaysia,2748,600,2148
2018-11-12,Malaysia,1563,435,1128
2018-11-13,Malaysia,1702,445,1257
2018-11-14,Malaysia,1879,503,1376
2018-11-15,Malaysia,1964,625,1339
2018-11-16,Malaysia,1248,423,825
2018-11-17,Malaysia,1569,557,1012
2018-11-18,Malaysia,3480,650,2830
2018-11-19,Malaysia,1367,372,995
2018-11-20,Malaysia,575,177,398
2018-11-21,Malaysia,2010,684,1326
2018-11-22,Malaysia,1884,545,1339
2018-11-23,Malaysia,1185,295,890
2018-11-24,Malaysia,1498,489,1009
2018-11-25,Malaysia,2442,542,1900
2018-11-26,Malaysia,1300,389,911
2018-11-27,Malaysia,1348,446,902
2018-11-28,Malaysia,1628,467,1161
2018-11-29,Malaysia,1338,410,928
2018-11-30,Malaysia,972,214,758
2018-12-01,Malaysia,1109,343,766
2018-12-02,Malaysia,3034,543,2491
2018-12-03,Malaysia,1037,265,772
2018-12-04,Malaysia,1630,465,1165
2018-12-05,Malaysia,1875,585,1290
2018-12-06,Malaysia,1751,459,1292
2018-12-07,Malaysia,795,199,596
2018-12-08,Malaysia,1632,680,952
2018-12-09,Malaysia,1834,393,1441
2018-12-10,Malaysia,627,113,514
2018-12-11,Malaysia,1254,332,922
2018-12-12,Malaysia,1058,256,802
2018-12-13,Malaysia,1525,525,1000
2018-12-14,Malaysia,812,225,587
2018-12-15,Malaysia,1508,469,1039
2018-12-16,Malaysia,1813,374,1439
2018-12-17,Malaysia,981,222,759
2018-12-18,Malaysia,1507,363,1144
2018-12-19,Malaysia,1505,411,1094
2018-12-20,Malaysia,1121,287,834
2018-12-21,Malaysia,749,201,548
2018-12-22,Malaysia,1275,400,875
2018-12-23,Malaysia,2313,521,1792
2018-12-24,Malaysia,823,144,679
2018-12-25,Malaysia,1135,278,857
2018-12-26,Malaysia,741,173,568
2018-12-27,Malaysia,1231,293,938
2018-12-28,Malaysia,893,148,745
2018-12-29,Malaysia,1465,437,1028
2018-12-30,Malaysia,1997,443,1554
2018-12-31,Malaysia,857,147,710
2019-01-01,Malaysia,1513,282,1231
2019-01-02,Malaysia,786,142,644
2019-01-03,Malaysia,1441,488,953
2019-01-04,Malaysia,804,194,610
2019-01-05,Malaysia,1363,361,1002
2019-01-06,Malaysia,2447,507,1940
2019-01-07,Malaysia,721,170,551
2019-01-08,Malaysia,1284,348,936
2019-01-09,Malaysia,1863,585,1278
2019-01-10,Malaysia,1797,574,1223
2019-01-11,Malaysia,1270,333,937
2019-01-12,Malaysia,1446,358,1088
2019-01-13,Malaysia,3039,600,2439
2019-01-14,Malaysia,1027,303,724
2019-01-15,Malaysia,1507,399,1108
2019-01-16,Malaysia,1649,559,1090
2019-01-17,Malaysia,1930,628,1302
2019-01-18,Malaysia,1044,314,730
2019-01-19,Malaysia,1563,494,1069
2019-01-20,Malaysia,2957,755,2202
2019-01-21,Malaysia,2937,854,2083
2019-01-22,Malaysia,820,221,599
2019-01-23,Malaysia,2065,874,1191
2019-01-24,Malaysia,1878,679,1199
2019-01-25,Malaysia,1381,446,935
2019-01-26,Malaysia,2045,663,1382
2019-01-27,Malaysia,2483,653,1830
2019-01-28,Malaysia,1036,260,776
2019-01-29,Malaysia,1563,443,1120
2019-01-30,Malaysia,1715,451,1264
2019-01-31,Malaysia,1585,496,1089
2019-02-01,Malaysia,1328,370,958
2019-02-02,Malaysia,1372,382,990
2019-02-03,Malaysia,1896,494,1402
2019-02-04,Malaysia,889,149,740
2019-02-05,Malaysia,940,283,657
2019-02-06,Malaysia,1090,320,770
2019-02-07,Malaysia,1178,313,865
2019-02-08,Malaysia,746,166,580
2019-02-09,Malaysia,1498,429,1069
2019-02-10,Malaysia,2344,594,1750
2019-02-11,Malaysia,1325,424,901
2019-02-12,Malaysia,1318,360,958
2019-02-13,Malaysia,1832,651,1181
2019-02-14,Malaysia,1964,718,1246
2019-02-15,Malaysia,927,318,609
2019-02-16,Malaysia,1900,640,1260
2019-02-17,Malaysia,2359,618,1741
2019-02-18,Malaysia,931,263,668
2019-02-19,Malaysia,1741,613,1128
2019-02-20,Malaysia,2085,734,1351
2019-02-21,Malaysia,1639,524,1115
2019-02-22,Malaysia,1407,439,968
2019-02-23,Malaysia,1699,535,1164
2019-02-24,Malaysia,3022,628,2394
2019-02-25,Malaysia,1240,417,823
2019-02-26,Malaysia,1969,660,1309
2019-02-27,Malaysia,2069,624,1445
2019-02-28,Malaysia,1712,590,1122
2019-03-01,Malaysia,884,287,597
2019-03-02,Malaysia,1373,458,915
2019-03-03,Malaysia,2726,672,2054
2019-03-04,Malaysia,877,236,641
2019-03-05,Malaysia,2095,665,1430
2019-03-06,Malaysia,1944,696,1248
2019-03-07,Malaysia,1766,582,1184
2019-03-08,Malaysia,930,235,695
2019-03-09,Malaysia,1833,527,1306
2019-03-10,Malaysia,3515,637,2878
2019-03-11,Malaysia,852,256,596
2019-03-12,Malaysia,1571,470,1101
2019-03-13,Malaysia,2364,707,1657
2019-03-14,Malaysia,1627,536,1091
2019-03-15,Malaysia,1001,264,737
2019-03-16,Malaysia,1827,529,1298
2019-03-17,Malaysia,3151,710,2441
2019-03-18,Malaysia,1480,418,1062
2019-03-19,Malaysia,2381,772,1609
2019-03-20,Malaysia,2009,647,1362
2019-03-21,Malaysia,1532,488,1044
2019-03-22,Malaysia,911,202,709
2019-03-23,Malaysia,1509,434,1075
2019-03-24,Malaysia,2911,908,2003
2019-03-25,Malaysia,1208,301,907
2019-03-26,Malaysia,1923,528,1395
2019-03-27,Malaysia,2085,650,1435
2019-03-28,Malaysia,1680,501,1179
2019-03-29,Malaysia,931,235,696
2019-03-30,Malaysia,1361,421,940
2019-03-31,Malaysia,2083,531,1552
2019-04-01,Malaysia,713,209,504
2019-04-02,Malaysia,1429,392,1037
2019-04-03,Malaysia,1343,428,915
2019-04-04,Malaysia,1493,534,959
2019-04-05,Malaysia,792,220,572
2019-04-06,Malaysia,1773,538,1235
2019-04-07,Malaysia,2472,482,1990
2019-04-08,Malaysia,862,181,681
2019-04-09,Malaysia,2145,774,1371
2019-04-10,Malaysia,1707,597,1110
2019-04-11,Malaysia,1929,610,1319
2019-04-12,Malaysia,1007,281,726
2019-04-13,Malaysia,1858,638,1220
2019-04-14,Malaysia,3024,561,2463
2019-04-15,Malaysia,1594,499,1095
2019-04-16,Malaysia,1819,579,1240
2019-04-17,Malaysia,2272,786,1486
2019-04-18,Malaysia,1752,595,1157
2019-04-19,Malaysia,959,243,716
2019-04-20,Malaysia,1829,682,1147
2019-04-21,Malaysia,2909,628,2281
2019-04-22,Malaysia,1120,229,891
2019-04-23,Malaysia,1680,492,1188
2019-04-24,Malaysia,1707,410,1297
2019-04-25,Malaysia,1650,484,1166
2019-04-26,Malaysia,1320,341,979
2019-04-27,Malaysia,2132,520,1612
2019-04-28,Malaysia,3215,736,2479
2019-04-29,Malaysia,1470,383,1087
2019-04-30,Malaysia,1770,603,1167
2019-05-01,Malaysia,4684,879,3805
2019-05-02,Malaysia,1605,436,1169
2019-05-03,Malaysia,1713,420,1293
2019-05-04,Malaysia,1874,509,1365
2019-05-05,Malaysia,2935,597,2338
2019-05-06,Malaysia,225,51,174
2019-05-07,Malaysia,477,137,340
2019-05-08,Malaysia,489,143,346
2019-05-09,Malaysia,701,210,491
2019-05-10,Malaysia,640,144,496
2019-05-11,Malaysia,1073,301,772
2019-05-12,Malaysia,2482,516,1966
2019-05-13,Malaysia,437,116,321
2019-05-14,Malaysia,493,102,391
2019-05-15,Malaysia,939,331,608
2019-05-16,Malaysia,998,300,698
2019-05-17,Malaysia,582,140,442
2019-05-18,Malaysia,987,287,700
2019-05-19,Malaysia,3575,684,2891
2019-05-20,Malaysia,664,162,502
2019-05-21,Malaysia,788,205,583
2019-05-22,Malaysia,928,341,587
2019-05-23,Malaysia,855,336,519
2019-05-24,Malaysia,1002,371,631
2019-05-25,Malaysia,1045,245,800
2019-05-26,Malaysia,2837,614,2223
2019-05-27,Malaysia,570,164,406
2019-05-28,Malaysia,885,239,646
2019-05-29,Malaysia,869,265,604
2019-05-30,Malaysia,715,174,541
2019-05-31,Malaysia,512,107,405
2019-06-01,Malaysia,695,169,526
2019-06-02,Malaysia,1626,352,1274
2019-06-03,Malaysia,590,117,473
2019-06-04,Malaysia,369,67,302
2019-06-05,Malaysia,9,1,8
2019-06-06,Malaysia,200,49,151
2019-06-07,Malaysia,452,61,391
2019-06-08,Malaysia,750,182,568
2019-06-09,Malaysia,1994,376,1618
2019-06-10,Malaysia,917,187,730
2019-06-11,Malaysia,1717,356,1361
2019-06-12,Malaysia,1647,407,1240
2019-06-13,Malaysia,1831,512,1319
2019-06-14,Malaysia,1859,419,1440
2019-06-15,Malaysia,1943,536,1407
2019-06-16,Malaysia,3518,869,2649
2019-06-17,Malaysia,1298,268,1030
2019-06-18,Malaysia,1634,445,1189
2019-06-19,Malaysia,1966,572,1394
2019-06-20,Malaysia,1886,497,1389
2019-06-21,Malaysia,994,293,701
2019-06-22,Malaysia,2268,850,1418
2019-06-23,Malaysia,3148,649,2499
2019-06-24,Malaysia,1264,296,968
2019-06-25,Malaysia,1575,468,1107
2019-06-26,Malaysia,1576,443,1133
2019-06-27,Malaysia,1598,450,1148
2019-06-28,Malaysia,969,188,781
2019-06-29,Malaysia,1490,464,1026
2019-06-30,Malaysia,2271,502,1769
2019-07-01,Malaysia,693,136,557
2019-07-02,Malaysia,1034,330,704
2019-07-03,Malaysia,1845,788,1057
2019-07-04,Malaysia,1418,466,952
2019-07-05,Malaysia,727,192,535
2019-07-06,Malaysia,1338,435,903
2019-07-07,Malaysia,3289,790,2499
2019-07-08,Malaysia,1073,280,793
2019-07-09,Malaysia,1524,536,988
2019-07-10,Malaysia,2184,863,1321
2019-07-11,Malaysia,1328,430,898
2019-07-12,Malaysia,910,192,718
2019-07-13,Malaysia,2012,578,1434
2019-07-14,Malaysia,3010,623,2387
2019-07-15,Malaysia,1106,246,860
2019-07-16,Malaysia,1669,579,1090
2019-07-17,Malaysia,1610,510,1100
2019-07-18,Malaysia,1404,477,927
2019-07-19,Malaysia,826,196,630
2019-07-20,Malaysia,1676,558,1118
2019-07-21,Malaysia,3338,792,2546
2019-07-22,Malaysia,1398,515,883
2019-07-23,Malaysia,1603,557,1046
2019-07-24,Malaysia,2287,911,1376
2019-07-25,Malaysia,1989,815,1174
2019-07-26,Malaysia,1647,568,1079
2019-07-27,Malaysia,1505,476,1029
2019-07-28,Malaysia,2723,633,2090
2019-07-29,Malaysia,845,201,644
2019-07-30,Malaysia,1280,325,955
2019-07-31,Malaysia,1271,459,812
2019-08-01,Malaysia,1484,517,967
2019-08-02,Malaysia,988,338,650
2019-08-03,Malaysia,2457,972,1485
2019-08-04,Malaysia,3180,834,2346
2019-08-05,Malaysia,798,204,594
2019-08-06,Malaysia,1621,566,1055
2019-08-07,Malaysia,1936,680,1256
2019-08-08,Malaysia,1604,636,968
2019-08-09,Malaysia,813,232,581
2019-08-10,Malaysia,631,147,484
2019-08-11,Malaysia,499,143,356
2019-08-12,Malaysia,757,129,628
2019-08-13,Malaysia,737,143,594
2019-08-14,Malaysia,1234,279,955
2019-08-15,Malaysia,1379,551,828
2019-08-16,Malaysia,608,157,451
2019-08-17,Malaysia,1503,454,1049
2019-08-18,Malaysia,2967,668,2299
2019-08-19,Malaysia,736,188,548
2019-08-20,Malaysia,1553,490,1063
2019-08-21,Malaysia,1565,580,985
2019-08-22,Malaysia,1510,494,1016
2019-08-23,Malaysia,1085,261,824
2019-08-24,Malaysia,4188,1153,3035
2019-08-25,Malaysia,4516,1195,3321
2019-08-26,Malaysia,1019,395,624
2019-08-27,Malaysia,1242,420,822
2019-08-28,Malaysia,1375,518,857
2019-08-29,Malaysia,1534,460,1074
2019-08-30,Malaysia,682,163,519
2019-08-31,Malaysia,2043,502,1541
2019-09-01,Malaysia,2159,507,1652
2019-09-02,Malaysia,700,168,532
2019-09-03,Malaysia,1666,1125,541
2019-09-04,Malaysia,1358,448,910
2019-09-05,Malaysia,1357,417,940
2019-09-06,Malaysia,561,120,441
2019-09-07,Malaysia,1467,412,1055
2019-09-08,Malaysia,2344,732,1612
2019-09-09,Malaysia,504,120,384
2019-09-10,Malaysia,1088,405,683
2019-09-11,Malaysia,1869,617,1252
2019-09-12,Malaysia,1486,506,980
2019-09-13,Malaysia,778,169,609
2019-09-14,Malaysia,1316,431,885
2019-09-15,Malaysia,2423,584,1839
2019-09-16,Malaysia,1757,436,1321
2019-09-17,Malaysia,865,221,644
2019-09-18,Malaysia,1521,458,1063
2019-09-19,Malaysia,1375,358,1017
2019-09-20,Malaysia,935,196,739
2019-09-21,Malaysia,1846,685,1161
2019-09-22,Malaysia,3474,988,2486
2019-09-23,Malaysia,1175,267,908
2019-09-24,Malaysia,1243,387,856
2019-09-25,Malaysia,1407,399,1008
2019-09-26,Malaysia,1434,427,1007
2019-09-27,Malaysia,1144,230,914
2019-09-28,Malaysia,1786,559,1227
2019-09-29,Malaysia,2443,556,1887
2019-09-30,Malaysia,1018,336,682
2019-10-01,Malaysia,1218,415,803
2019-10-02,Malaysia,1518,476,1042
2019-10-03,Malaysia,1572,486,1086
2019-10-04,Malaysia,869,246,623
2019-10-05,Malaysia,1965,950,1015
2019-10-06,Malaysia,2657,516,2141
2019-10-07,Malaysia,1024,435,589
2019-10-08,Malaysia,1256,400,856
2019-10-09,Malaysia,1603,494,1109
2019-10-10,Malaysia,1676,497,1179
2019-10-11,Malaysia,951,221,730
2019-10-12,Malaysia,1649,426,1223
2019-10-13,Malaysia,2317,543,1774
2019-10-14,Malaysia,821,218,603
2019-10-15,Malaysia,1730,539,1191
2019-10-16,Malaysia,1760,626,1134
2019-10-17,Malaysia,1489,395,1094
2019-10-18,Malaysia,785,192,593
2019-10-19,Malaysia,1826,514,1312
2019-10-20,Malaysia,2594,542,2052
2019-10-21,Malaysia,877,195,682
2019-10-22,Malaysia,1528,469,1059
2019-10-23,Malaysia,1625,453,1172
2019-10-24,Malaysia,1722,495,1227
2019-10-25,Malaysia,1284,419,865
2019-10-26,Malaysia,1241,317,924
2019-10-27,Malaysia,1701,313,1388
2019-10-28,Malaysia,1124,307,817
2019-10-29,Malaysia,958,185,773
2019-10-30,Malaysia,1075,273,802
2019-10-31,Malaysia,1031,270,761
2019-11-01,Malaysia,524,113,411
2019-11-02,Malaysia,1652,485,1167
2019-11-03,Malaysia,2423,709,1714
2019-11-04,Malaysia,886,250,636
2019-11-05,Malaysia,1144,281,863
2019-11-06,Malaysia,1505,472,1033
2019-11-07,Malaysia,1516,477,1039
2019-11-08,Malaysia,887,194,693
2019-11-09,Malaysia,2789,620,2169
2019-11-10,Malaysia,2818,589,2229
2019-11-11,Malaysia,768,182,586
2019-11-12,Malaysia,1171,318,853
2019-11-13,Malaysia,1558,439,1119
2019-11-14,Malaysia,1622,543,1079
2019-11-15,Malaysia,730,208,522
2019-11-16,Malaysia,1514,571,943
2019-11-17,Malaysia,2455,561,1894
2019-11-18,Malaysia,795,229,566
2019-11-19,Malaysia,1508,370,1138
2019-11-20,Malaysia,1513,373,1140
2019-11-21,Malaysia,1596,517,1079
2019-11-22,Malaysia,944,238,706
2019-11-23,Malaysia,1685,461,1224
2019-11-24,Malaysia,2497,634,1863
2019-11-25,Malaysia,717,211,506
2019-11-26,Malaysia,1724,556,1168
2019-11-27,Malaysia,1659,485,1174
2019-11-28,Malaysia,1485,288,1197
2019-11-29,Malaysia,926,211,715
2019-11-30,Malaysia,1781,835,946
2019-12-01,Malaysia,2534,444,2090
2019-12-02,Malaysia,848,185,663
2019-12-03,Malaysia,1169,286,883
2019-12-04,Malaysia,1277,349,928
2019-12-05,Malaysia,1349,423,926
2019-12-06,Malaysia,754,219,535
2019-12-07,Malaysia,1652,443,1209
2019-12-08,Malaysia,2177,564,1613
2019-12-09,Malaysia,848,225,623
2019-12-10,Malaysia,1711,798,913
2019-12-11,Malaysia,1514,376,1138
2019-12-12,Malaysia,1751,509,1242
2019-12-13,Malaysia,902,263,639
2019-12-14,Malaysia,1533,401,1132
2019-12-15,Malaysia,2971,564,2407
2019-12-16,Malaysia,1112,319,793
2019-12-17,Malaysia,1557,453,1104
2019-12-18,Malaysia,1502,482,1020
2019-12-19,Malaysia,1453,371,1082
2019-12-20,Malaysia,1167,310,857
2019-12-21,Malaysia,1213,319,894
2019-12-22,Malaysia,2045,432,1613
2019-12-23,Malaysia,665,120,545
2019-12-24,Malaysia,811,157,654
2019-12-25,Malaysia,1252,225,1027
2019-12-26,Malaysia,1044,222,822
2019-12-27,Malaysia,826,197,629
2019-12-28,Malaysia,1431,335,1096
2019-12-29,Malaysia,2208,610,1598
2019-12-30,Malaysia,792,153,639
2019-12-31,Malaysia,1069,198,871
2020-01-01,Malaysia,1646,350,1296
2020-01-02,Malaysia,642,111,531
2020-01-03,Malaysia,787,149,638
2020-01-04,Malaysia,1301,274,1027
2020-01-05,Malaysia,2345,487,1858
2020-01-06,Malaysia,653,146,507
2020-01-07,Malaysia,1127,288,839
2020-01-08,Malaysia,1755,609,1146
2020-01-09,Malaysia,1239,359,880
2020-01-10,Malaysia,1371,440,931
2020-01-11,Malaysia,1552,412,1140
2020-01-12,Malaysia,2302,455,1847
2020-01-13,Malaysia,737,184,553
2020-01-14,Malaysia,1328,354,974
2020-01-15,Malaysia,2032,784,1248
2020-01-16,Malaysia,1490,512,978
2020-01-17,Malaysia,990,308,682
2020-01-18,Malaysia,1848,565,1283
2020-01-19,Malaysia,2270,565,1705
2020-01-20,Malaysia,1241,342,899
2020-01-21,Malaysia,1690,502,1188
2020-01-22,Malaysia,1851,570,1281
2020-01-23,Malaysia,1313,461,852
2020-01-24,Malaysia,933,186,747
2020-01-25,Malaysia,1136,326,810
2020-01-26,Malaysia,1158,341,817
2020-01-27,Malaysia,926,231,695
2020-01-28,Malaysia,1069,249,820
2020-01-29,Malaysia,1172,290,882
2020-01-30,Malaysia,1335,425,910
2020-01-31,Malaysia,789,230,559
2020-02-01,Malaysia,1383,388,995
2020-02-02,Malaysia,1758,407,1351
2020-02-03,Malaysia,946,295,651
2020-02-04,Malaysia,1209,338,871
2020-02-05,Malaysia,1746,649,1097
2020-02-06,Malaysia,1580,470,1110
2020-02-07,Malaysia,1009,194,815
2020-02-08,Malaysia,3254,829,2425
2020-02-09,Malaysia,2320,507,1813
2020-02-10,Malaysia,740,225,515
2020-02-11,Malaysia,1334,448,886
2020-02-12,Malaysia,1662,615,1047
2020-02-13,Malaysia,1291,471,820
2020-02-14,Malaysia,773,229,544
2020-02-15,Malaysia,1764,617,1147
2020-02-16,Malaysia,2662,581,2081
2020-02-17,Malaysia,1164,349,815
2020-02-18,Malaysia,1255,368,887
2020-02-19,Malaysia,1623,533,1090
2020-02-20,Malaysia,1701,647,1054
2020-02-21,Malaysia,1147,421,726
2020-02-22,Malaysia,2081,654,1427
2020-02-23,Malaysia,2357,494,1863
2020-02-24,Malaysia,896,298,598
2020-02-25,Malaysia,1842,480,1362
2020-02-26,Malaysia,2079,698,1381
2020-02-27,Malaysia,1402,395,1007
2020-02-28,Malaysia,1252,316,936
2020-02-29,Malaysia,2188,710,1478
2020-03-01,Malaysia,2675,597,2078
2020-03-02,Malaysia,1017,219,798
2020-03-03,Malaysia,1242,405,837
2020-03-04,Malaysia,1750,637,1113
2020-03-05,Malaysia,1600,523,1077
2020-03-06,Malaysia,961,331,630
2020-03-07,Malaysia,1951,594,1357
2020-03-08,Malaysia,3086,569,2517
2020-03-09,Malaysia,911,299,612
2020-03-10,Malaysia,1966,580,1386
2020-03-11,Malaysia,1222,360,862
2020-03-12,Malaysia,1547,540,1007
2020-03-13,Malaysia,658,163,495
2020-03-14,Malaysia,1499,496,1003
2020-03-15,Malaysia,1689,376,1313
2020-03-16,Malaysia,545,155,390
2020-03-17,Malaysia,595,142,453
2020-03-18,Malaysia,426,73,353
2020-03-19,Malaysia,656,128,528
2020-03-20,Malaysia,846,159,687
2020-03-21,Malaysia,835,168,667
2020-03-22,Malaysia,514,85,429
2020-03-23,Malaysia,895,168,727
2020-03-24,Malaysia,1232,250,982
2020-03-25,Malaysia,1425,299,1126
2020-03-26,Malaysia,1342,280,1062
2020-03-27,Malaysia,1051,206,845
2020-03-28,Malaysia,1041,215,826
2020-03-29,Malaysia,881,187,694
2020-03-30,Malaysia,824,160,664
2020-03-31,Malaysia,1039,233,806
2020-04-01,Malaysia,945,199,746
2020-04-02,Malaysia,749,169,580
2020-04-03,Malaysia,501,89,412
2020-04-04,Malaysia,611,116,495
2020-04-05,Malaysia,683,125,558
2020-04-06,Malaysia,599,105,494
2020-04-07,Malaysia,798,146,652
2020-04-08,Malaysia,685,108,577
2020-04-09,Malaysia,613,100,513
2020-04-10,Malaysia,675,115,560
2020-04-11,Malaysia,1035,151,884
2020-04-12,Malaysia,1220,195,1025
2020-04-13,Malaysia,1118,202,916
2020-04-14,Malaysia,1283,258,1025
2020-04-15,Malaysia,1532,365,1167
2020-04-16,Malaysia,1289,273,1016
2020-04-17,Malaysia,1121,239,882
2020-04-18,Malaysia,1382,324,1058
2020-04-19,Malaysia,1327,264,1063
2020-04-20,Malaysia,1482,348,1134
2020-04-21,Malaysia,2010,528,1482
2020-04-22,Malaysia,2024,524,1500
2020-04-23,Malaysia,1788,400,1388
2020-04-24,Malaysia,328,46,282
2020-04-25,Malaysia,624,123,501
2020-04-26,Malaysia,901,136,765
2020-04-27,Malaysia,695,163,532
2020-04-28,Malaysia,1015,194,821
2020-04-29,Malaysia,1097,217,880
2020-04-30,Malaysia,1144,226,918
2020-05-01,Malaysia,1019,179,840
2020-05-02,Malaysia,944,163,781
2020-05-03,Malaysia,1313,253,1060
2020-05-04,Malaysia,796,151,645
2020-05-05,Malaysia,799,153,646
2020-05-06,Malaysia,1034,263,771
2020-05-07,Malaysia,1641,318,1323
2020-05-08,Malaysia,983,225,758
2020-05-09,Malaysia,1124,241,883
2020-05-10,Malaysia,1645,355,1290
2020-05-11,Malaysia,1000,199,801
2020-05-12,Malaysia,744,126,618
2020-05-13,Malaysia,794,185,609
2020-05-14,Malaysia,850,183,667
2020-05-15,Malaysia,757,158,599
2020-05-16,Malaysia,1470,358,1112
2020-05-17,Malaysia,2067,456,1611
2020-05-18,Malaysia,876,203,673
2020-05-19,Malaysia,1011,195,816
2020-05-20,Malaysia,1405,388,1017
2020-05-21,Malaysia,1524,388,1136
2020-05-22,Malaysia,1289,249,1040
2020-05-23,Malaysia,1125,206,919
2020-05-24,Malaysia,11,4,7
2020-05-25,Malaysia,641,109,532
2020-05-26,Malaysia,1401,284,1117
2020-05-27,Malaysia,1656,313,1343
2020-05-28,Malaysia,1673,342,1331
2020-05-29,Malaysia,1635,370,1265
2020-05-30,Malaysia,3131,792,2339
2020-05-31,Malaysia,3382,728,2654
2020-06-01,Malaysia,1248,303,945
2020-06-02,Malaysia,1382,328,1054
2020-06-03,Malaysia,1451,375,1076
2020-06-04,Malaysia,1380,355,1025
2020-06-05,Malaysia,1341,324,1017
2020-06-06,Malaysia,2655,673,1982
2020-06-07,Malaysia,3073,749,2324
2020-06-08,Malaysia,1647,398,1249
2020-06-09,Malaysia,1623,478,1145
2020-06-10,Malaysia,1158,262,896
2020-06-11,Malaysia,1273,298,975
2020-06-12,Malaysia,829,174,655
2020-06-13,Malaysia,1938,605,1333
2020-06-14,Malaysia,2775,485,2290
2020-06-15,Malaysia,998,198,800
2020-06-16,Malaysia,1084,199,885
2020-06-17,Malaysia,1454,340,1114
2020-06-18,Malaysia,938,229,709
2020-06-19,Malaysia,1186,317,869
2020-06-20,Malaysia,1864,513,1351
2020-06-21,Malaysia,2747,635,2112
2020-06-22,Malaysia,827,176,651
2020-06-23,Malaysia,1092,245,847
2020-06-24,Malaysia,1021,221,800
2020-06-25,Malaysia,1233,344,889
2020-06-26,Malaysia,755,117,638
2020-06-27,Malaysia,2151,523,1628
2020-06-28,Malaysia,2939,723,2216
2020-06-29,Malaysia,814,159,655
2020-06-30,Malaysia,975,186,789
2020-07-01,Malaysia,1176,305,871
2020-07-02,Malaysia,977,164,813
2020-07-03,Malaysia,672,101,571
2020-07-04,Malaysia,1802,442,1360
2020-07-05,Malaysia,2422,459,1963
2020-07-06,Malaysia,1032,380,652
2020-07-07,Malaysia,903,208,695
2020-07-08,Malaysia,1079,244,835
2020-07-09,Malaysia,1222,333,889
2020-07-10,Malaysia,735,165,570
2020-07-11,Malaysia,1636,363,1273
2020-07-12,Malaysia,2543,587,1956
2020-07-13,Malaysia,970,252,718
2020-07-14,Malaysia,1193,287,906
2020-07-15,Malaysia,1500,325,1175
2020-07-16,Malaysia,947,187,760
2020-07-17,Malaysia,838,178,660
2020-07-18,Malaysia,1904,415,1489
2020-07-19,Malaysia,2626,568,2058
2020-07-20,Malaysia,847,207,640
2020-07-21,Malaysia,1002,234,768
2020-07-22,Malaysia,1541,290,1251
2020-07-23,Malaysia,1441,437,1004
2020-07-24,Malaysia,908,192,716
2020-07-25,Malaysia,1532,337,1195
2020-07-26,Malaysia,2370,482,1888
2020-07-27,Malaysia,628,130,498
2020-07-28,Malaysia,944,249,695
2020-07-29,Malaysia,1082,233,849
2020-07-30,Malaysia,891,163,728
2020-07-31,Malaysia,314,74,240
2020-08-01,Malaysia,656,150,506
2020-08-02,Malaysia,1310,284,1026
2020-08-03,Malaysia,867,157,710
2020-08-04,Malaysia,1124,276,848
2020-08-05,Malaysia,1347,328,1019
2020-08-06,Malaysia,1449,378,1071
2020-08-07,Malaysia,1014,222,792
2020-08-08,Malaysia,2743,730,2013
2020-08-09,Malaysia,3452,820,2632
2020-08-10,Malaysia,1113,236,877
2020-08-11,Malaysia,1581,388,1193
2020-08-12,Malaysia,1639,392,1247
2020-08-13,Malaysia,1448,351,1097
2020-08-14,Malaysia,1304,400,904
2020-08-15,Malaysia,2406,757,1649
2020-08-16,Malaysia,3021,635,2386
2020-08-17,Malaysia,921,220,701
2020-08-18,Malaysia,1220,341,879
2020-08-19,Malaysia,1736,547,1189
2020-08-20,Malaysia,1439,344,1095
2020-08-21,Malaysia,974,190,784
2020-08-22,Malaysia,1778,387,1391
2020-08-23,Malaysia,2855,618,2237
2020-08-24,Malaysia,964,260,704
2020-08-25,Malaysia,1402,443,959
2020-08-26,Malaysia,1607,510,1097
2020-08-27,Malaysia,1370,332,1038
2020-08-28,Malaysia,782,163,619
2020-08-29,Malaysia,1691,379,1312
2020-08-30,Malaysia,2576,593,1983
2020-08-31,Malaysia,2973,658,2315
2020-09-01,Malaysia,992,266,726
2020-09-02,Malaysia,1205,294,911
2020-09-03,Malaysia,962,193,769
2020-09-04,Malaysia,625,106,519
2020-09-05,Malaysia,1502,390,1112
2020-09-06,Malaysia,2736,572,2164
2020-09-07,Malaysia,834,191,643
2020-09-08,Malaysia,1102,307,795
2020-09-09,Malaysia,1082,305,777
2020-09-10,Malaysia,963,247,716
2020-09-11,Malaysia,875,171,704
2020-09-12,Malaysia,1458,350,1108
2020-09-13,Malaysia,2589,462,2127
2020-09-14,Malaysia,892,243,649
2020-09-15,Malaysia,841,142,699
2020-09-16,Malaysia,2379,483,1896
2020-09-17,Malaysia,757,119,638
2020-09-18,Malaysia,697,137,560
2020-09-19,Malaysia,1794,384,1410
2020-09-20,Malaysia,2437,425,2012
2020-09-21,Malaysia,697,97,600
2020-09-22,Malaysia,1077,259,818
2020-09-23,Malaysia,1164,252,912
2020-09-24,Malaysia,1176,284,892
2020-09-25,Malaysia,613,97,516
2020-09-26,Malaysia,1529,344,1185
2020-09-27,Malaysia,2704,475,2229
2020-09-28,Malaysia,779,155,624
2020-09-29,Malaysia,1269,287,982
2020-09-30,Malaysia,1269,368,901
2020-10-01,Malaysia,1246,254,992
2020-10-02,Malaysia,663,150,513
2020-10-03,Malaysia,1495,314,1181
2020-10-04,Malaysia,2333,442,1891
2020-10-05,Malaysia,774,129,645
2020-10-06,Malaysia,893,189,704
2020-10-07,Malaysia,795,197,598
2020-10-08,Malaysia,928,240,688
2020-10-09,Malaysia,666,101,565
2020-10-10,Malaysia,1619,341,1278
2020-10-11,Malaysia,2528,462,2066
2020-10-12,Malaysia,655,80,575
2020-10-13,Malaysia,1044,217,827
2020-10-14,Malaysia,1175,303,872
2020-10-15,Malaysia,1000,234,766
2020-10-16,Malaysia,1565,333,1232
2020-10-17,Malaysia,2426,512,1914
2020-10-18,Malaysia,3076,562,2514
2020-10-19,Malaysia,1007,184,823
2020-10-20,Malaysia,1020,183,837
2020-10-21,Malaysia,1341,301,1040
2020-10-22,Malaysia,1220,303,917
2020-10-23,Malaysia,1239,273,966
2020-10-24,Malaysia,2157,480,1677
2020-10-25,Malaysia,2965,583,2382
2020-10-26,Malaysia,756,128,628
2020-10-27,Malaysia,1077,239,838
2020-10-28,Malaysia,1193,282,911
2020-10-29,Malaysia,1631,356,1275
2020-10-30,Malaysia,1138,193,945
2020-10-31,Malaysia,1768,380,1388
2020-11-01,Malaysia,2411,450,1961
2020-11-02,Malaysia,669,122,547
2020-11-03,Malaysia,879,185,694
2020-11-04,Malaysia,1064,225,839
2020-11-05,Malaysia,1060,229,831
2020-11-06,Malaysia,886,129,757
2020-11-07,Malaysia,2083,475,1608
2020-11-08,Malaysia,2201,383,1818
2020-11-09,Malaysia,732,168,564
2020-11-10,Malaysia,1100,301,799
2020-11-11,Malaysia,1008,193,815
2020-11-12,Malaysia,1112,229,883
2020-11-13,Malaysia,1049,174,875
2020-11-14,Malaysia,2898,719,2179
2020-11-15,Malaysia,2726,600,2126
2020-11-16,Malaysia,745,115,630
2020-11-17,Malaysia,890,168,722
2020-11-18,Malaysia,1147,251,896
2020-11-19,Malaysia,1159,253,906
2020-11-20,Malaysia,879,140,739
2020-11-21,Malaysia,2101,649,1452
2020-11-22,Malaysia,2915,540,2375
2020-11-23,Malaysia,749,128,621
2020-11-24,Malaysia,976,197,779
2020-11-25,Malaysia,1011,264,747
2020-11-26,Malaysia,1052,218,834
2020-11-27,Malaysia,703,105,598
2020-11-28,Malaysia,1738,371,1367
2020-11-29,Malaysia,2908,548,2360
2020-11-30,Malaysia,894,177,717
2020-12-01,Malaysia,927,181,746
2020-12-02,Malaysia,990,229,761
2020-12-03,Malaysia,985,232,753
2020-12-04,Malaysia,731,109,622
2020-12-05,Malaysia,1648,350,1298
2020-12-06,Malaysia,3004,541,2463
2020-12-07,Malaysia,561,60,501
2020-12-08,Malaysia,816,130,686
2020-12-09,Malaysia,1166,252,914
2020-12-10,Malaysia,921,191,730
2020-12-11,Malaysia,983,148,835
2020-12-12,Malaysia,1798,418,1380
2020-12-13,Malaysia,2692,476,2216
2020-12-14,Malaysia,628,94,534
2020-12-15,Malaysia,1021,203,818
2020-12-16,Malaysia,1039,271,768
2020-12-17,Malaysia,1090,260,830
2020-12-18,Malaysia,973,145,828
2020-12-19,Malaysia,1655,299,1356
2020-12-20,Malaysia,2768,433,2335
2020-12-21,Malaysia,796,120,676
2020-12-22,Malaysia,1000,183,817
2020-12-23,Malaysia,1340,322,1018
2020-12-24,Malaysia,1230,208,1022
2020-12-25,Malaysia,1120,225,895
2020-12-26,Malaysia,1566,322,1244
2020-12-27,Malaysia,2237,354,1883
2020-12-28,Malaysia,762,112,650
2020-12-29,Malaysia,903,158,745
2020-12-30,Malaysia,1276,233,1043
2020-12-31,Malaysia,1156,166,990
2021-01-01,Malaysia,1316,231,1085
2021-01-02,Malaysia,1375,249,1126
2021-01-03,Malaysia,2139,412,1727
2021-01-04,Malaysia,532,93,439
2021-01-05,Malaysia,708,96,612
2021-01-06,Malaysia,908,182,726
2021-01-07,Malaysia,979,163,816
2021-01-08,Malaysia,746,96,650
2021-01-09,Malaysia,1563,353,1210
2021-01-10,Malaysia,1897,348,1549
2021-01-11,Malaysia,659,87,572
2021-01-12,Malaysia,1069,342,727
2021-01-13,Malaysia,1375,771,604
2021-01-14,Malaysia,729,123,606
2021-01-15,Malaysia,939,190,749
2021-01-16,Malaysia,2042,518,1524
2021-01-17,Malaysia,2576,637,1939
2021-01-18,Malaysia,744,120,624
2021-01-19,Malaysia,796,125,671
2021-01-20,Malaysia,1119,287,832
2021-01-21,Malaysia,1070,231,839
2021-01-22,Malaysia,1022,174,848
2021-01-23,Malaysia,2179,462,1717
2021-01-24,Malaysia,2865,546,2319
2021-01-25,Malaysia,1194,212,982
2021-01-26,Malaysia,1236,237,999
2021-01-27,Malaysia,1081,186,895
2021-01-28,Malaysia,1824,398,1426
2021-01-29,Malaysia,1056,187,869
2021-01-30,Malaysia,2152,492,1660
2021-01-31,Malaysia,2511,526,1985
2021-02-01,Malaysia,1068,197,871
2021-02-02,Malaysia,1095,201,894
2021-02-03,Malaysia,1406,371,1035
2021-02-04,Malaysia,1129,250,879
2021-02-05,Malaysia,845,150,695
2021-02-06,Malaysia,2044,527,1517
2021-02-07,Malaysia,2527,546,1981
2021-02-08,Malaysia,888,139,749
2021-02-09,Malaysia,1247,294,953
2021-02-10,Malaysia,1492,343,1149
2021-02-11,Malaysia,1263,265,998
2021-02-12,Malaysia,1211,227,984
2021-02-13,Malaysia,2170,532,1638
2021-02-14,Malaysia,2362,500,1862
2021-02-15,Malaysia,1024,170,854
2021-02-16,Malaysia,1100,268,832
2021-02-17,Malaysia,1135,219,916
2021-02-18,Malaysia,1294,242,1052
2021-02-19,Malaysia,799,146,653
2021-02-20,Malaysia,2017,390,1627
2021-02-21,Malaysia,2483,444,2039
2021-02-22,Malaysia,881,117,764
2021-02-23,Malaysia,1234,255,979
2021-02-24,Malaysia,1038,227,811
2021-02-25,Malaysia,1279,260,1019
2021-02-26,Malaysia,1052,194,858
2021-02-27,Malaysia,2147,510,1637
2021-02-28,Malaysia,3245,580,2665
2021-03-01,Malaysia,755,110,645
2021-03-02,Malaysia,1195,247,948
2021-03-03,Malaysia,1233,228,1005
2021-03-04,Malaysia,1921,627,1294
2021-03-05,Malaysia,977,218,759
2021-03-06,Malaysia,2003,346,1657
2021-03-07,Malaysia,2520,401,2119
2021-03-08,Malaysia,615,60,555
2021-03-09,Malaysia,1025,220,805
2021-03-10,Malaysia,1289,268,1021
2021-03-11,Malaysia,1295,297,998
2021-03-12,Malaysia,786,135,651
2021-03-13,Malaysia,2042,443,1599
2021-03-14,Malaysia,2782,462,2320
2021-03-15,Malaysia,736,114,622
2021-03-16,Malaysia,1167,282,885
2021-03-17,Malaysia,1357,291,1066
2021-03-18,Malaysia,1312,328,984
2021-03-19,Malaysia,1145,248,897
2021-03-20,Malaysia,2100,413,1687
2021-03-21,Malaysia,3230,580,2650
2021-03-22,Malaysia,772,175,597
2021-03-23,Malaysia,1292,270,1022
2021-03-24,Malaysia,1086,205,881
2021-03-25,Malaysia,1398,402,996
2021-03-26,Malaysia,874,137,737
2021-03-27,Malaysia,1932,373,1559
2021-03-28,Malaysia,3012,548,2464
2021-03-29,Malaysia,750,134,616
2021-03-30,Malaysia,1043,185,858
2021-03-31,Malaysia,1289,287,1002
2021-04-01,Malaysia,1153,264,889
2021-04-02,Malaysia,873,129,744
2021-04-03,Malaysia,1737,380,1357
2021-04-04,Malaysia,2825,554,2271
2021-04-05,Malaysia,902,200,702
2021-04-06,Malaysia,1308,369,939
2021-04-07,Malaysia,1302,347,955
2021-04-08,Malaysia,1599,479,1120
2021-04-09,Malaysia,1292,226,1066
2021-04-10,Malaysia,2322,433,1889
2021-04-11,Malaysia,3578,573,3005
2021-04-12,Malaysia,2019,556,1463
2021-04-13,Malaysia,244,22,222
2021-04-14,Malaysia,522,76,446
2021-04-15,Malaysia,632,102,530
2021-04-16,Malaysia,595,82,513
2021-04-17,Malaysia,1126,243,883
2021-04-18,Malaysia,2282,392,1890
2021-04-19,Malaysia,419,60,359
2021-04-20,Malaysia,532,84,448
2021-04-21,Malaysia,741,160,581
2021-04-22,Malaysia,753,127,626
2021-04-23,Malaysia,755,119,636
2021-04-24,Malaysia,1146,261,885
2021-04-25,Malaysia,2768,483,2285
2021-04-26,Malaysia,514,86,428
2021-04-27,Malaysia,815,250,565
2021-04-28,Malaysia,881,216,665
2021-04-29,Malaysia,1083,229,854
2021-04-30,Malaysia,796,134,662
2021-05-01,Malaysia,2634,482,2152
2021-05-02,Malaysia,2132,345,1787
2021-05-03,Malaysia,608,107,501
2021-05-04,Malaysia,811,199,612
2021-05-05,Malaysia,804,141,663
2021-05-06,Malaysia,924,173,751
2021-05-07,Malaysia,752,102,650
2021-05-08,Malaysia,1562,308,1254
2021-05-09,Malaysia,1771,345,1426
2021-05-10,Malaysia,773,105,668
2021-05-11,Malaysia,985,153,832
2021-05-12,Malaysia,689,79,610
2021-05-13,Malaysia,0,0,0
2021-05-14,Malaysia,1006,136,870
2021-05-15,Malaysia,2221,392,1829
2021-05-16,Malaysia,2900,471,2429
2021-05-17,Malaysia,1380,179,1201
2021-05-18,Malaysia,1363,206,1157
2021-05-19,Malaysia,1488,249,1239
2021-05-20,Malaysia,1211,235,976
2021-05-21,Malaysia,1001,163,838
2021-05-22,Malaysia,2307,388,1919
2021-05-23,Malaysia,3187,547,2640
2021-05-24,Malaysia,921,145,776
2021-05-25,Malaysia,1049,214,835
2021-05-26,Malaysia,1552,286,1266
2021-05-27,Malaysia,1085,159,926
2021-05-28,Malaysia,1182,218,964
2021-05-29,Malaysia,1678,287,1391
2021-05-30,Malaysia,2050,316,1734
2021-05-31,Malaysia,1027,129,898
2021-06-01,Malaysia,789,219,570
2021-06-02,Malaysia,1067,175,892
2021-06-03,Malaysia,1360,231,1129
2021-06-04,Malaysia,801,109,692
2021-06-05,Malaysia,1689,314,1375
2021-06-06,Malaysia,2083,359,1724
2021-06-07,Malaysia,1359,290,1069
2021-06-08,Malaysia,1083,171,912
2021-06-09,Malaysia,1395,286,1109
2021-06-10,Malaysia,1329,277,1052
2021-06-11,Malaysia,1056,193,863
2021-06-12,Malaysia,1891,336,1555
2021-06-13,Malaysia,2570,428,2142
2021-06-14,Malaysia,1892,263,1629
2021-06-15,Malaysia,1607,287,1320
2021-06-16,Malaysia,1546,297,1249
2021-06-17,Malaysia,1552,329,1223
2021-06-18,Malaysia,1114,174,940
2021-06-19,Malaysia,2169,380,1789
2021-06-20,Malaysia,2739,520,2219
2021-06-21,Malaysia,1004,175,829
2021-06-22,Malaysia,1046,167,879
2021-06-23,Malaysia,1272,261,1011
2021-06-24,Malaysia,1029,190,839
2021-06-25,Malaysia,1033,189,844
2021-06-26,Malaysia,2093,382,1711
2021-06-27,Malaysia,2174,426,1748
2021-06-28,Malaysia,844,126,718
2021-06-29,Malaysia,1008,178,830
2021-06-30,Malaysia,1124,182,942
2021-07-01,Malaysia,1217,245,972
2021-07-02,Malaysia,790,117,673
2021-07-03,Malaysia,1347,220,1127
2021-07-04,Malaysia,1786,327,1459
2021-07-05,Malaysia,657,89,568
2021-07-06,Malaysia,762,108,654
2021-07-07,Malaysia,926,171,755
2021-07-08,Malaysia,888,140,748
2021-07-09,Malaysia,822,198,624
2021-07-10,Malaysia,1612,318,1294
2021-07-11,Malaysia,1553,301,1252
2021-07-12,Malaysia,612,111,501
2021-07-13,Malaysia,681,104,577
2021-07-14,Malaysia,787,132,655
2021-07-15,Malaysia,729,142,587
2021-07-16,Malaysia,550,100,450
2021-07-17,Malaysia,1253,218,1035
2021-07-18,Malaysia,1417,250,1167
2021-07-19,Malaysia,443,44,399
2021-07-20,Malaysia,198,37,161
2021-07-21,Malaysia,606,111,495
2021-07-22,Malaysia,1349,240,1109
2021-07-23,Malaysia,839,138,701
2021-07-24,Malaysia,1680,357,1323
2021-07-25,Malaysia,1808,318,1490
2021-07-26,Malaysia,737,143,594
2021-07-27,Malaysia,854,181,673
2021-07-28,Malaysia,1133,243,890
2021-07-29,Malaysia,1121,278,843
2021-07-30,Malaysia,924,158,766
2021-07-31,Malaysia,1542,290,1252
2021-08-01,Malaysia,1786,319,1467
2021-08-02,Malaysia,901,119,782
2021-08-03,Malaysia,968,156,812
2021-08-04,Malaysia,1271,242,1029
2021-08-05,Malaysia,1107,234,873
2021-08-06,Malaysia,1284,234,1050
2021-08-07,Malaysia,1702,344,1358
2021-08-08,Malaysia,2039,451,1588
2021-08-09,Malaysia,749,120,629
2021-08-10,Malaysia,1462,297,1165
2021-08-11,Malaysia,893,158,735
2021-08-12,Malaysia,953,205,748
2021-08-13,Malaysia,960,216,744
2021-08-14,Malaysia,1820,334,1486
2021-08-15,Malaysia,2086,409,1677
2021-08-16,Malaysia,761,142,619
2021-08-17,Malaysia,896,152,744
2021-08-18,Malaysia,1087,200,887
2021-08-19,Malaysia,1385,287,1098
2021-08-20,Malaysia,877,154,723
2021-08-21,Malaysia,2157,425,1732
2021-08-22,Malaysia,2418,447,1971
2021-08-23,Malaysia,876,143,733
2021-08-24,Malaysia,1124,239,885
2021-08-25,Malaysia,1227,245,982
2021-08-26,Malaysia,1329,234,1095
2021-08-27,Malaysia,1188,258,930
2021-08-28,Malaysia,2053,407,1646
2021-08-29,Malaysia,2934,522,2412
2021-08-30,Malaysia,1481,327,1154
2021-08-31,Malaysia,3206,697,2509
2021-09-01,Malaysia,1303,253,1050
2021-09-02,Malaysia,1370,366,1004
2021-09-03,Malaysia,898,160,738
2021-09-04,Malaysia,2018,439,1579
2021-09-05,Malaysia,2117,378,1739
2021-09-06,Malaysia,810,123,687
2021-09-07,Malaysia,1122,242,880
2021-09-08,Malaysia,1260,244,1016
2021-09-09,Malaysia,1063,188,875
2021-09-10,Malaysia,921,162,759
2021-09-11,Malaysia,2015,477,1538
2021-09-12,Malaysia,2530,427,2103
2021-09-13,Malaysia,852,150,702
2021-09-14,Malaysia,983,181,802
2021-09-15,Malaysia,1339,253,1086
2021-09-16,Malaysia,3080,621,2459
2021-09-17,Malaysia,952,153,799
2021-09-18,Malaysia,1783,370,1413
2021-09-19,Malaysia,2720,493,2227
2021-09-20,Malaysia,893,125,768
2021-09-21,Malaysia,917,168,749
2021-09-22,Malaysia,1007,193,814
2021-09-23,Malaysia,1224,216,1008
2021-09-24,Malaysia,806,130,676
2021-09-25,Malaysia,1716,312,1404
2021-09-26,Malaysia,2532,360,2172
2021-09-27,Malaysia,794,145,649
2021-09-28,Malaysia,1100,149,951
2021-09-29,Malaysia,1474,328,1146
2021-09-30,Malaysia,1384,275,1109
2021-10-01,Malaysia,766,152,614
2021-10-02,Malaysia,1711,294,1417
2021-10-03,Malaysia,2422,460,1962
2021-10-04,Malaysia,675,79,596
2021-10-05,Malaysia,848,130,718
2021-10-06,Malaysia,914,143,771
2021-10-07,Malaysia,946,148,798
2021-10-08,Malaysia,775,120,655
2021-10-09,Malaysia,2040,387,1653
2021-10-10,Malaysia,2493,405,2088
2021-10-11,Malaysia,685,92,593
2021-10-12,Malaysia,1030,219,811
2021-10-13,Malaysia,1206,264,942
2021-10-14,Malaysia,1181,269,912
2021-10-15,Malaysia,771,122,649
2021-10-16,Malaysia,1642,330,1312
2021-10-17,Malaysia,2262,399,1863
2021-10-18,Malaysia,769,110,659
2021-10-19,Malaysia,1573,258,1315
2021-10-20,Malaysia,838,148,690
2021-10-21,Malaysia,953,156,797
2021-10-22,Malaysia,713,109,604
2021-10-23,Malaysia,1439,293,1146
2021-10-24,Malaysia,2559,409,2150
2021-10-25,Malaysia,584,75,509
2021-10-26,Malaysia,743,117,626
2021-10-27,Malaysia,1325,264,1061
2021-10-28,Malaysia,1149,228,921
2021-10-29,Malaysia,1084,246,838
2021-10-30,Malaysia,1690,357,1333
2021-10-31,Malaysia,2309,421,1888
2021-11-01,Malaysia,941,193,748
2021-11-02,Malaysia,1078,227,851
2021-11-03,Malaysia,1082,213,869
2021-11-04,Malaysia,2024,282,1742
2021-11-05,Malaysia,905,154,751
2021-11-06,Malaysia,1550,314,1236
2021-11-07,Malaysia,2296,358,1938
2021-11-08,Malaysia,660,112,548
2021-11-09,Malaysia,971,215,756
2021-11-10,Malaysia,1204,255,949
2021-11-11,Malaysia,1261,266,995
2021-11-12,Malaysia,808,112,696
2021-11-13,Malaysia,2279,497,1782
2021-11-14,Malaysia,2986,489,2497
2021-11-15,Malaysia,928,176,752
2021-11-16,Malaysia,1134,233,901
2021-11-17,Malaysia,1327,361,966
2021-11-18,Malaysia,1675,466,1209
2021-11-19,Malaysia,972,159,813
2021-11-20,Malaysia,1809,385,1424
2021-11-21,Malaysia,2509,473,2036
2021-11-22,Malaysia,934,175,759
2021-11-23,Malaysia,1086,251,835
2021-11-24,Malaysia,1254,292,962
2021-11-25,Malaysia,1473,411,1062
2021-11-26,Malaysia,886,161,725
2021-11-27,Malaysia,1579,335,1244
2021-11-28,Malaysia,2735,476,2259
2021-11-29,Malaysia,820,131,689
2021-11-30,Malaysia,1360,322,1038
2021-12-01,Malaysia,1373,393,980
2021-12-02,Malaysia,1391,383,1008
2021-12-03,Malaysia,884,155,729
2021-12-04,Malaysia,1735,406,1329
2021-12-05,Malaysia,2739,438,2301
2021-12-06,Malaysia,965,197,768
2021-12-07,Malaysia,1155,268,887
2021-12-08,Malaysia,1094,225,869
2021-12-09,Malaysia,1311,315,996
2021-12-10,Malaysia,955,158,797
2021-12-11,Malaysia,1851,329,1522
2021-12-12,Malaysia,2858,434,2424
2021-12-13,Malaysia,859,183,676
2021-12-14,Malaysia,1606,502,1104
2021-12-15,Malaysia,1561,485,1076
2021-12-16,Malaysia,1453,434,1019
2021-12-17,Malaysia,1029,173,856
2021-12-18,Malaysia,1353,268,1085
2021-12-19,Malaysia,2235,378,1857
2021-12-20,Malaysia,928,208,720
2021-12-21,Malaysia,1271,280,991
2021-12-22,Malaysia,1133,237,896
2021-12-23,Malaysia,1233,234,999
2021-12-24,Malaysia,1092,183,909
2021-12-25,Malaysia,1834,287,1547
2021-12-26,Malaysia,2346,366,1980
2021-12-27,Malaysia,999,139,860
2021-12-28,Malaysia,1185,185,1000
2021-12-29,Malaysia,1716,323,1393
2021-12-30,Malaysia,1206,195,1011
2021-12-31,Malaysia,1114,135,979
2022-01-01,Malaysia,2218,352,1866
2022-01-02,Malaysia,2219,356,1863
2022-01-03,Malaysia,724,90,634
2022-01-04,Malaysia,888,135,753
2022-01-05,Malaysia,1225,269,956
2022-01-06,Malaysia,1123,245,878
2022-01-07,Malaysia,815,122,693
2022-01-08,Malaysia,2063,520,1543
2022-01-09,Malaysia,2683,501,2182
2022-01-10,Malaysia,824,114,710
2022-01-11,Malaysia,870,149,721
2022-01-12,Malaysia,1109,263,846
2022-01-13,Malaysia,1286,418,868
2022-01-14,Malaysia,1076,203,873
2022-01-15,Malaysia,1924,429,1495
2022-01-16,Malaysia,2417,467,1950
2022-01-17,Malaysia,849,147,702
2022-01-18,Malaysia,1785,365,1420
2022-01-19,Malaysia,1030,227,803
2022-01-20,Malaysia,1212,359,853
2022-01-21,Malaysia,980,221,759
2022-01-22,Malaysia,2098,516,1582
2022-01-23,Malaysia,2294,424,1870
2022-01-24,Malaysia,1028,192,836
2022-01-25,Malaysia,1460,387,1073
2022-01-26,Malaysia,1344,292,1052
2022-01-27,Malaysia,1462,315,1147
2022-01-28,Malaysia,829,106,723
2022-01-29,Malaysia,1653,342,1311
2022-01-30,Malaysia,1986,332,1654
2022-01-31,Malaysia,981,113,868
2022-02-01,Malaysia,960,158,802
2022-02-02,Malaysia,1147,209,938
2022-02-03,Malaysia,1178,237,941
2022-02-04,Malaysia,943,128,815
2022-02-05,Malaysia,1890,325,1565
2022-02-06,Malaysia,1928,340,1588
2022-02-07,Malaysia,906,127,779
2022-02-08,Malaysia,1141,261,880
2022-02-09,Malaysia,1269,235,1034
2022-02-10,Malaysia,1154,248,906
2022-02-11,Malaysia,992,186,806
2022-02-12,Malaysia,2039,383,1656
2022-02-13,Malaysia,2379,362,2017
2022-02-14,Malaysia,888,177,711
2022-02-15,Malaysia,1217,278,939
2022-02-16,Malaysia,1015,169,846
2022-02-17,Malaysia,1325,235,1090
2022-02-18,Malaysia,906,138,768
2022-02-19,Malaysia,2015,383,1632
2022-02-20,Malaysia,2806,518,2288
2022-02-21,Malaysia,804,121,683
2022-02-22,Malaysia,1137,198,939
2022-02-23,Malaysia,981,188,793
2022-02-24,Malaysia,1458,328,1130
2022-02-25,Malaysia,856,117,739
2022-02-26,Malaysia,1746,294,1452
2022-02-27,Malaysia,2686,451,2235
2022-02-28,Malaysia,936,135,801
2022-03-01,Malaysia,1003,142,861
2022-03-02,Malaysia,1090,271,819
2022-03-03,Malaysia,1076,235,841
2022-03-04,Malaysia,857,129,728
2022-03-05,Malaysia,1617,376,1241
2022-03-06,Malaysia,2435,386,2049
2022-03-07,Malaysia,787,142,645
2022-03-08,Malaysia,949,170,779
2022-03-09,Malaysia,1145,280,865
2022-03-10,Malaysia,1467,312,1155
2022-03-11,Malaysia,920,134,786
2022-03-12,Malaysia,1744,292,1452
2022-03-13,Malaysia,2538,405,2133
2022-03-14,Malaysia,780,111,669
2022-03-15,Malaysia,1355,380,975
2022-03-16,Malaysia,1460,403,1057
2022-03-17,Malaysia,1247,308,939
2022-03-18,Malaysia,946,181,765
2022-03-19,Malaysia,2066,456,1610
2022-03-20,Malaysia,3154,546,2608
2022-03-21,Malaysia,926,155,771
2022-03-22,Malaysia,1009,197,812
2022-03-23,Malaysia,1626,428,1198
2022-03-24,Malaysia,1459,393,1066
2022-03-25,Malaysia,1409,304,1105
2022-03-26,Malaysia,2505,484,2021
2022-03-27,Malaysia,3221,625,2596
2022-03-28,Malaysia,1603,319,1284
2022-03-29,Malaysia,2112,651,1461
2022-03-30,Malaysia,1769,423,1346
2022-03-31,Malaysia,2263,645,1618
2022-04-01,Malaysia,1574,421,1153
2022-04-02,Malaysia,2523,507,2016
2022-04-03,Malaysia,1801,303,1498
2022-04-04,Malaysia,585,125,460
2022-04-05,Malaysia,719,175,544
2022-04-06,Malaysia,768,162,606
2022-04-07,Malaysia,884,216,668
2022-04-08,Malaysia,876,201,675
2022-04-09,Malaysia,1521,336,1185
2022-04-10,Malaysia,2644,563,2081
2022-04-11,Malaysia,541,111,430
2022-04-12,Malaysia,903,189,714
2022-04-13,Malaysia,1172,283,889
2022-04-14,Malaysia,1149,294,855
2022-04-15,Malaysia,1126,254,872
2022-04-16,Malaysia,1785,432,1353
2022-04-17,Malaysia,2758,464,2294
2022-04-18,Malaysia,722,127,595
2022-04-19,Malaysia,1265,256,1009
2022-04-20,Malaysia,942,263,679
2022-04-21,Malaysia,964,255,709
2022-04-22,Malaysia,879,154,725
2022-04-23,Malaysia,1550,315,1235
2022-04-24,Malaysia,2793,530,2263
2022-04-25,Malaysia,1027,236,791
2022-04-26,Malaysia,950,171,779
2022-04-27,Malaysia,847,215,632
2022-04-28,Malaysia,959,158,801
2022-04-29,Malaysia,909,137,772
2022-04-30,Malaysia,1313,404,909
2022-05-01,Malaysia,2622,450,2172
2022-05-02,Malaysia,14,3,11
2022-05-03,Malaysia,165,10,155
2022-05-04,Malaysia,541,79,462
2022-05-05,Malaysia,1135,187,948
2022-05-06,Malaysia,1188,177,1011
2022-05-07,Malaysia,1689,329,1360
2022-05-08,Malaysia,2921,470,2451
2022-05-09,Malaysia,961,157,804
2022-05-10,Malaysia,1575,437,1138
2022-05-11,Malaysia,1546,394,1152
2022-05-12,Malaysia,1717,378,1339
2022-05-13,Malaysia,1101,183,918
2022-05-14,Malaysia,2107,526,1581
2022-05-15,Malaysia,3246,670,2576
2022-05-16,Malaysia,1820,385,1435
2022-05-17,Malaysia,1295,340,955
2022-05-18,Malaysia,1488,355,1133
2022-05-19,Malaysia,1621,373,1248
2022-05-20,Malaysia,1205,287,918
2022-05-21,Malaysia,2214,487,1727
2022-05-22,Malaysia,3344,602,2742
2022-05-23,Malaysia,1252,239,1013
2022-05-24,Malaysia,1482,447,1035
2022-05-25,Malaysia,1421,369,1052
2022-05-26,Malaysia,1705,446,1259
2022-05-27,Malaysia,1065,277,788
2022-05-28,Malaysia,1747,373,1374
2022-05-29,Malaysia,2630,424,2206
2022-05-30,Malaysia,971,213,758
2022-05-31,Malaysia,1575,469,1106
2022-06-01,Malaysia,1680,560,1120
2022-06-02,Malaysia,1229,354,875
2022-06-03,Malaysia,1238,282,956
2022-06-04,Malaysia,2070,504,1566
2022-06-05,Malaysia,2707,537,2170
2022-06-06,Malaysia,1704,410,1294
2022-06-07,Malaysia,1318,259,1059
2022-06-08,Malaysia,1533,358,1175
2022-06-09,Malaysia,1797,405,1392
2022-06-10,Malaysia,1100,228,872
2022-06-11,Malaysia,1918,408,1510
2022-06-12,Malaysia,3418,561,2857
2022-06-13,Malaysia,967,201,766
2022-06-14,Malaysia,2909,531,2378
2022-06-15,Malaysia,1920,478,1442
2022-06-16,Malaysia,1921,563,1358
2022-06-17,Malaysia,1544,317,1227
2022-06-18,Malaysia,2211,498,1713
2022-06-19,Malaysia,3059,596,2463
2022-06-20,Malaysia,1281,285,996
2022-06-21,Malaysia,1362,370,992
2022-06-22,Malaysia,1685,465,1220
2022-06-23,Malaysia,1674,570,1104
2022-06-24,Malaysia,1016,207,809
2022-06-25,Malaysia,1927,387,1540
2022-06-26,Malaysia,3005,533,2472
2022-06-27,Malaysia,1338,358,980
2022-06-28,Malaysia,1301,234,1067
2022-06-29,Malaysia,1668,423,1245
2022-06-30,Malaysia,1500,301,1199
2022-07-01,Malaysia,1001,185,816
2022-07-02,Malaysia,1881,477,1404
2022-07-03,Malaysia,2686,437,2249
2022-07-04,Malaysia,746,104,642
2022-07-05,Malaysia,1495,291,1204
2022-07-06,Malaysia,1536,348,1188
2022-07-07,Malaysia,1625,434,1191
2022-07-08,Malaysia,1298,268,1030
2022-07-09,Malaysia,1119,225,894
2022-07-10,Malaysia,635,127,508
2022-07-11,Malaysia,846,148,698
2022-07-12,Malaysia,1041,215,826
2022-07-13,Malaysia,1169,272,897
2022-07-14,Malaysia,1539,406,1133
2022-07-15,Malaysia,1066,222,844
2022-07-16,Malaysia,1943,444,1499
2022-07-17,Malaysia,3404,664,2740
2022-07-18,Malaysia,1056,238,818
2022-07-19,Malaysia,1474,330,1144
2022-07-20,Malaysia,1414,320,1094
2022-07-21,Malaysia,1605,394,1211
2022-07-22,Malaysia,1274,247,1027
2022-07-23,Malaysia,2426,645,1781
2022-07-24,Malaysia,3049,587,2462
2022-07-25,Malaysia,717,131,586
2022-07-26,Malaysia,1244,303,941
2022-07-27,Malaysia,1414,435,979
2022-07-28,Malaysia,1481,365,1116
2022-07-29,Malaysia,1310,254,1056
2022-07-30,Malaysia,1768,357,1411
2022-07-31,Malaysia,2458,447,2011
2022-08-01,Malaysia,768,128,640
2022-08-02,Malaysia,846,153,693
2022-08-03,Malaysia,1154,238,916
2022-08-04,Malaysia,1171,313,858
2022-08-05,Malaysia,1079,221,858
2022-08-06,Malaysia,1702,370,1332
2022-08-07,Malaysia,2484,486,1998
2022-08-08,Malaysia,987,337,650
2022-08-09,Malaysia,1148,328,820
2022-08-10,Malaysia,1402,372,1030
2022-08-11,Malaysia,1538,362,1176
2022-08-12,Malaysia,885,173,712
2022-08-13,Malaysia,1630,441,1189
2022-08-14,Malaysia,2747,468,2279
2022-08-15,Malaysia,1089,237,852
2022-08-16,Malaysia,1275,325,950
2022-08-17,Malaysia,1467,391,1076
2022-08-18,Malaysia,1588,471,1117
2022-08-19,Malaysia,1104,183,921
2022-08-20,Malaysia,1985,419,1566
2022-08-21,Malaysia,2725,434,2291
2022-08-22,Malaysia,845,203,642
2022-08-23,Malaysia,1380,358,1022
2022-08-24,Malaysia,1640,528,1112
2022-08-25,Malaysia,1393,407,986
2022-08-26,Malaysia,1108,253,855
2022-08-27,Malaysia,2063,456,1607
2022-08-28,Malaysia,2810,477,2333
2022-08-29,Malaysia,1096,317,779
2022-08-30,Malaysia,1461,488,973
2022-08-31,Malaysia,3392,588,2804
2022-09-01,Malaysia,1337,338,999
2022-09-02,Malaysia,797,151,646
2022-09-03,Malaysia,1571,295,1276
2022-09-04,Malaysia,2613,429,2184
2022-09-05,Malaysia,858,172,686
2022-09-06,Malaysia,1438,447,991
2022-09-07,Malaysia,1392,445,947
2022-09-08,Malaysia,1693,544,1149
2022-09-09,Malaysia,858,183,675
2022-09-10,Malaysia,1616,334,1282
2022-09-11,Malaysia,2571,454,2117
2022-09-12,Malaysia,899,160,739
2022-09-13,Malaysia,1374,421,953
2022-09-14,Malaysia,1603,664,939
2022-09-15,Malaysia,1589,653,936
2022-09-16,Malaysia,2491,439,2052
2022-09-17,Malaysia,2291,384,1907
2022-09-18,Malaysia,2687,480,2207
2022-09-19,Malaysia,1048,193,855
2022-09-20,Malaysia,1140,270,870
2022-09-21,Malaysia,1591,591,1000
2022-09-22,Malaysia,1506,406,1100
2022-09-23,Malaysia,1170,193,977
2022-09-24,Malaysia,1650,502,1148
2022-09-25,Malaysia,2594,382,2212
2022-09-26,Malaysia,1068,196,872
2022-09-27,Malaysia,1344,349,995
2022-09-28,Malaysia,1395,438,957
2022-09-29,Malaysia,1453,359,1094
2022-09-30,Malaysia,1328,419,909
2022-10-01,Malaysia,1893,374,1519
2022-10-02,Malaysia,2828,568,2260
2022-10-03,Malaysia,1001,194,807
2022-10-04,Malaysia,1489,358,1131
2022-10-05,Malaysia,1514,392,1122
2022-10-06,Malaysia,1407,311,1096
2022-10-07,Malaysia,1140,184,956
2022-10-08,Malaysia,2105,384,1721
2022-10-09,Malaysia,2355,425,1930
2022-10-10,Malaysia,1224,261,963
2022-10-11,Malaysia,1351,394,957
2022-10-12,Malaysia,1668,426,1242
2022-10-13,Malaysia,1617,324,1293
2022-10-14,Malaysia,1116,243,873
2022-10-15,Malaysia,2174,464,1710
2022-10-16,Malaysia,2894,492,2402
2022-10-17,Malaysia,1063,273,790
2022-10-18,Malaysia,1478,353,1125
2022-10-19,Malaysia,1723,461,1262
2022-10-20,Malaysia,1283,321,962
2022-10-21,Malaysia,697,134,563
2022-10-22,Malaysia,2216,515,1701
2022-10-23,Malaysia,2558,452,2106
2022-10-24,Malaysia,1915,374,1541
2022-10-25,Malaysia,1127,295,832
2022-10-26,Malaysia,1645,488,1157
2022-10-27,Malaysia,1383,444,939
2022-10-28,Malaysia,954,191,763
2022-10-29,Malaysia,1747,352,1395
2022-10-30,Malaysia,2560,522,2038
2022-10-31,Malaysia,984,147,837
2022-11-01,Malaysia,929,257,672
2022-11-02,Malaysia,1649,538,1111
2022-11-03,Malaysia,1369,386,983
2022-11-04,Malaysia,835,190,645
2022-11-05,Malaysia,1911,545,1366
2022-11-06,Malaysia,2731,663,2068
2022-11-07,Malaysia,1060,222,838
2022-11-08,Malaysia,1307,338,969
2022-11-09,Malaysia,1541,455,1086
2022-11-10,Malaysia,1708,580,1128
2022-11-11,Malaysia,893,211,682
2022-11-12,Malaysia,2626,500,2126
2022-11-13,Malaysia,2438,368,2070
2022-11-14,Malaysia,1077,279,798
2022-11-15,Malaysia,1430,419,1011
2022-11-16,Malaysia,1617,454,1163
2022-11-17,Malaysia,1123,180,943
2022-11-18,Malaysia,741,104,637
2022-11-19,Malaysia,269,42,227
2022-11-20,Malaysia,1488,231,1257
2022-11-21,Malaysia,772,96,676
2022-11-22,Malaysia,1308,332,976
2022-11-23,Malaysia,1588,505,1083
2022-11-24,Malaysia,1695,376,1319
2022-11-25,Malaysia,1186,298,888
2022-11-26,Malaysia,1633,418,1215
2022-11-27,Malaysia,2257,356,1901
2022-11-28,Malaysia,874,113,761
2022-11-29,Malaysia,1555,513,1042
2022-11-30,Malaysia,1451,407,1044
2022-12-01,Malaysia,1378,400,978
2022-12-02,Malaysia,1129,259,870
2022-12-03,Malaysia,1942,466,1476
2022-12-04,Malaysia,3096,471,2625
2022-12-05,Malaysia,925,116,809
2022-12-06,Malaysia,1556,332,1224
2022-12-07,Malaysia,1510,332,1178
2022-12-08,Malaysia,1308,292,1016
2022-12-09,Malaysia,1088,241,847
2022-12-10,Malaysia,1859,394,1465
2022-12-11,Malaysia,2715,411,2304
2022-12-12,Malaysia,1245,173,1072
2022-12-13,Malaysia,1465,364,1101
2022-12-14,Malaysia,1637,416,1221
2022-12-15,Malaysia,1259,299,960
2022-12-16,Malaysia,1148,225,923
2022-12-17,Malaysia,2218,426,1792
2022-12-18,Malaysia,2593,400,2193
2022-12-19,Malaysia,832,164,668
2022-12-20,Malaysia,1810,505,1305
2022-12-21,Malaysia,1684,471,1213
2022-12-22,Malaysia,1376,306,1070
2022-12-23,Malaysia,1003,117,886
2022-12-24,Malaysia,1553,225,1328
2022-12-25,Malaysia,2086,379,1707
2022-12-26,Malaysia,1664,281,1383
2022-12-27,Malaysia,1174,176,998
2022-12-28,Malaysia,1702,405,1297
2022-12-29,Malaysia,1350,266,1084
2022-12-30,Malaysia,1344,174,1170
2022-12-31,Malaysia,1854,257,1597
2023-01-01,Malaysia,2684,345,2339
2023-01-02,Malaysia,1589,225,1364
2023-01-03,Malaysia,856,157,699
2023-01-04,Malaysia,1494,462,1032
2023-01-05,Malaysia,1414,301,1113
2023-01-06,Malaysia,1179,207,972
2023-01-07,Malaysia,1824,381,1443
2023-01-08,Malaysia,2797,488,2309
2023-01-09,Malaysia,853,176,677
2023-01-10,Malaysia,1343,294,1049
2023-01-11,Malaysia,1674,572,1102
2023-01-12,Malaysia,1447,389,1058
2023-01-13,Malaysia,966,168,798
2023-01-14,Malaysia,2006,313,1693
2023-01-15,Malaysia,2573,448,2125
2023-01-16,Malaysia,956,212,744
2023-01-17,Malaysia,1557,422,1135
2023-01-18,Malaysia,1646,507,1139
2023-01-19,Malaysia,1563,445,1118
2023-01-20,Malaysia,1025,119,906
2023-01-21,Malaysia,1257,187,1070
2023-01-22,Malaysia,1003,180,823
2023-01-23,Malaysia,1246,197,1049
2023-01-24,Malaysia,1296,199,1097
2023-01-25,Malaysia,1211,199,1012
2023-01-26,Malaysia,1532,295,1237
2023-01-27,Malaysia,947,118,829
2023-01-28,Malaysia,1862,437,1425
2023-01-29,Malaysia,2396,430,1966
2023-01-30,Malaysia,914,173,741
2023-01-31,Malaysia,1386,276,1110
2023-02-01,Malaysia,1705,359,1346
2023-02-02,Malaysia,1547,517,1030
2023-02-03,Malaysia,699,87,612
2023-02-04,Malaysia,2273,510,1763
2023-02-05,Malaysia,3702,638,3064
2023-02-06,Malaysia,1205,237,968
2023-02-07,Malaysia,1070,177,893
2023-02-08,Malaysia,1332,206,1126
2023-02-09,Malaysia,1579,464,1115
2023-02-10,Malaysia,965,300,665
2023-02-11,Malaysia,2307,568,1739
2023-02-12,Malaysia,2750,406,2344
2023-02-13,Malaysia,747,108,639
2023-02-14,Malaysia,1296,258,1038
2023-02-15,Malaysia,1531,373,1158
2023-02-16,Malaysia,1864,604,1260
2023-02-17,Malaysia,1376,390,986
2023-02-18,Malaysia,2259,495,1764
2023-02-19,Malaysia,2905,608,2297
2023-02-20,Malaysia,1029,188,841
2023-02-21,Malaysia,1520,382,1138
2023-02-22,Malaysia,1358,310,1048
2023-02-23,Malaysia,1764,530,1234
2023-02-24,Malaysia,820,120,700
2023-02-25,Malaysia,2130,607,1523
2023-02-26,Malaysia,3164,541,2623
2023-02-27,Malaysia,1340,329,1011
2023-02-28,Malaysia,1665,489,1176
2023-03-01,Malaysia,1171,322,849
2023-03-02,Malaysia,1428,265,1163
2023-03-03,Malaysia,972,137,835
2023-03-04,Malaysia,2146,411,1735
2023-03-05,Malaysia,3018,452,2566
2023-03-06,Malaysia,1111,220,891
2023-03-07,Malaysia,1644,333,1311
2023-03-08,Malaysia,1932,515,1417
2023-03-09,Malaysia,1673,445,1228
2023-03-10,Malaysia,1444,276,1168
2023-03-11,Malaysia,2327,468,1859
2023-03-12,Malaysia,3577,507,3070
2023-03-13,Malaysia,1448,405,1043
2023-03-14,Malaysia,1714,426,1288
2023-03-15,Malaysia,1913,440,1473
2023-03-16,Malaysia,1958,568,1390
2023-03-17,Malaysia,1239,241,998
2023-03-18,Malaysia,2746,545,2201
2023-03-19,Malaysia,3578,584,2994
2023-03-20,Malaysia,1598,366,1232
2023-03-21,Malaysia,2397,681,1716
2023-03-22,Malaysia,2380,599,1781
2023-03-23,Malaysia,646,262,384
2023-03-24,Malaysia,726,237,489
2023-03-25,Malaysia,1509,423,1086
2023-03-26,Malaysia,2198,336,1862
2023-03-27,Malaysia,614,110,504
2023-03-28,Malaysia,943,206,737
2023-03-29,Malaysia,992,208,784
2023-03-30,Malaysia,1074,259,815
2023-03-31,Malaysia,977,199,778
2023-04-01,Malaysia,1596,357,1239
2023-04-02,Malaysia,2369,437,1932
2023-04-03,Malaysia,673,121,552
2023-04-04,Malaysia,956,239,717
2023-04-05,Malaysia,850,254,596
2023-04-06,Malaysia,1180,326,854
2023-04-07,Malaysia,999,227,772
2023-04-08,Malaysia,1677,316,1361
2023-04-09,Malaysia,3201,503,2698
2023-04-10,Malaysia,677,159,518
2023-04-11,Malaysia,1218,400,818
2023-04-12,Malaysia,1128,368,760
2023-04-13,Malaysia,1045,281,764
2023-04-14,Malaysia,865,175,690
2023-04-15,Malaysia,1577,313,1264
2023-04-16,Malaysia,2872,418,2454
2023-04-17,Malaysia,937,201,736
2023-04-18,Malaysia,976,213,763
2023-04-19,Malaysia,949,204,745
2023-04-20,Malaysia,754,97,657
2023-04-21,Malaysia,249,22,227
2023-04-22,Malaysia,4,2,2
2023-04-23,Malaysia,305,66,239
2023-04-24,Malaysia,817,122,695
2023-04-25,Malaysia,1086,157,929
2023-04-26,Malaysia,1179,165,1014
2023-04-27,Malaysia,1268,244,1024
2023-04-28,Malaysia,1132,171,961
2023-04-29,Malaysia,1810,303,1507
2023-04-30,Malaysia,2738,425,2313
2023-05-01,Malaysia,3975,587,3388
2023-05-02,Malaysia,681,60,621
2023-05-03,Malaysia,1127,254,873
2023-05-04,Malaysia,3000,514,2486
2023-05-05,Malaysia,815,119,696
2023-05-06,Malaysia,1818,315,1503
2023-05-07,Malaysia,2978,494,2484
2023-05-08,Malaysia,1002,188,814
2023-05-09,Malaysia,1322,363,959
2023-05-10,Malaysia,1657,398,1259
2023-05-11,Malaysia,1439,365,1074
2023-05-12,Malaysia,1085,298,787
2023-05-13,Malaysia,1808,428,1380
2023-05-14,Malaysia,2644,358,2286
2023-05-15,Malaysia,966,132,834
2023-05-16,Malaysia,1213,308,905
2023-05-17,Malaysia,1472,417,1055
2023-05-18,Malaysia,1235,252,983
2023-05-19,Malaysia,1070,239,831
2023-05-20,Malaysia,2311,597,1714
2023-05-21,Malaysia,3198,596,2602
2023-05-22,Malaysia,1061,204,857
2023-05-23,Malaysia,1230,271,959
2023-05-24,Malaysia,1408,390,1018
2023-05-25,Malaysia,1243,313,930
2023-05-26,Malaysia,909,116,793
2023-05-27,Malaysia,1943,366,1577
2023-05-28,Malaysia,2679,382,2297
2023-05-29,Malaysia,1140,213,927
2023-05-30,Malaysia,1464,309,1155
2023-05-31,Malaysia,1481,330,1151
2023-06-01,Malaysia,1238,191,1047
2023-06-02,Malaysia,923,121,802
2023-06-03,Malaysia,1745,309,1436
2023-06-04,Malaysia,2749,452,2297
2023-06-05,Malaysia,1825,373,1452
2023-06-06,Malaysia,1171,276,895
2023-06-07,Malaysia,1555,402,1153
2023-06-08,Malaysia,1732,427,1305
2023-06-09,Malaysia,1280,296,984
2023-06-10,Malaysia,1877,363,1514
2023-06-11,Malaysia,3767,562,3205
2023-06-12,Malaysia,1266,266,1000
2023-06-13,Malaysia,1671,427,1244
2023-06-14,Malaysia,3353,634,2719
2023-06-15,Malaysia,1557,292,1265
2023-06-16,Malaysia,2303,486,1817
2023-06-17,Malaysia,2780,604,2176
2023-06-18,Malaysia,3933,680,3253
2023-06-19,Malaysia,1131,200,931
2023-06-20,Malaysia,1443,323,1120
2023-06-21,Malaysia,1998,494,1504
2023-06-22,Malaysia,1579,442,1137
2023-06-23,Malaysia,1212,192,1020
2023-06-24,Malaysia,2635,636,1999
2023-06-25,Malaysia,2854,471,2383
2023-06-26,Malaysia,1287,294,993
2023-06-27,Malaysia,1317,288,1029
2023-06-28,Malaysia,809,120,689
2023-06-29,Malaysia,456,52,404
2023-06-30,Malaysia,672,63,609
2023-07-01,Malaysia,1573,360,1213
2023-07-02,Malaysia,2483,409,2074
2023-07-03,Malaysia,993,178,815
2023-07-04,Malaysia,1430,350,1080
2023-07-05,Malaysia,1574,378,1196
2023-07-06,Malaysia,1606,409,1197
2023-07-07,Malaysia,970,192,778
2023-07-08,Malaysia,2025,451,1574
2023-07-09,Malaysia,2843,434,2409
2023-07-10,Malaysia,1033,209,824
2023-07-11,Malaysia,1447,349,1098
2023-07-12,Malaysia,1494,322,1172
2023-07-13,Malaysia,1269,350,919
2023-07-14,Malaysia,1018,186,832
2023-07-15,Malaysia,2072,538,1534
2023-07-16,Malaysia,2770,451,2319
2023-07-17,Malaysia,899,191,708
2023-07-18,Malaysia,1548,348,1200
2023-07-19,Malaysia,1545,290,1255
2023-07-20,Malaysia,1200,254,946
2023-07-21,Malaysia,806,136,670
2023-07-22,Malaysia,2186,369,1817
2023-07-23,Malaysia,2546,471,2075
2023-07-24,Malaysia,881,212,669
2023-07-25,Malaysia,1378,298,1080
2023-07-26,Malaysia,1260,295,965
2023-07-27,Malaysia,1169,246,923
2023-07-28,Malaysia,1042,226,816
2023-07-29,Malaysia,1711,307,1404
2023-07-30,Malaysia,2462,444,2018
2023-07-31,Malaysia,882,160,722
2023-08-01,Malaysia,1178,305,873
2023-08-02,Malaysia,1305,394,911
2023-08-03,Malaysia,1121,357,764
2023-08-04,Malaysia,1240,355,885
2023-08-05,Malaysia,2377,568,1809
2023-08-06,Malaysia,2738,401,2337
2023-08-07,Malaysia,901,143,758
2023-08-08,Malaysia,1260,275,985
2023-08-09,Malaysia,1546,340,1206
2023-08-10,Malaysia,1412,380,1032
2023-08-11,Malaysia,822,92,730
2023-08-12,Malaysia,1255,207,1048
2023-08-13,Malaysia,2987,437,2550
2023-08-14,Malaysia,935,157,778
2023-08-15,Malaysia,1556,404,1152
2023-08-16,Malaysia,1800,538,1262
2023-08-17,Malaysia,1567,413,1154
2023-08-18,Malaysia,931,181,750
2023-08-19,Malaysia,1815,441,1374
2023-08-20,Malaysia,2904,465,2439
2023-08-21,Malaysia,876,215,661
2023-08-22,Malaysia,1436,422,1014
2023-08-23,Malaysia,1619,570,1049
2023-08-24,Malaysia,1759,453,1306
2023-08-25,Malaysia,881,159,722
2023-08-26,Malaysia,1775,367,1408
2023-08-27,Malaysia,2325,304,2021
2023-08-28,Malaysia,1076,290,786
2023-08-29,Malaysia,1330,289,1041
2023-08-30,Malaysia,1249,256,993
2023-08-31,Malaysia,2983,539,2444
2023-09-01,Malaysia,691,70,621
2023-09-02,Malaysia,1418,267,1151
2023-09-03,Malaysia,2658,376,2282
2023-09-04,Malaysia,785,118,667
2023-09-05,Malaysia,1132,185,947
2023-09-06,Malaysia,1427,346,1081
2023-09-07,Malaysia,1413,351,1062
2023-09-08,Malaysia,662,88,574
2023-09-09,Malaysia,1861,338,1523
2023-09-10,Malaysia,2731,438,2293
2023-09-11,Malaysia,1000,197,803
2023-09-12,Malaysia,1310,287,1023
2023-09-13,Malaysia,1768,478,1290
2023-09-14,Malaysia,1649,452,1197
2023-09-15,Malaysia,927,138,789
2023-09-16,Malaysia,2753,426,2327
2023-09-17,Malaysia,3168,486,2682
2023-09-18,Malaysia,1235,305,930
2023-09-19,Malaysia,1810,437,1373
2023-09-20,Malaysia,1477,421,1056
2023-09-21,Malaysia,1920,521,1399
2023-09-22,Malaysia,781,89,692
2023-09-23,Malaysia,2080,479,1601
2023-09-24,Malaysia,2833,394,2439
2023-09-25,Malaysia,1097,297,800
2023-09-26,Malaysia,1216,334,882
2023-09-27,Malaysia,1496,371,1125
2023-09-28,Malaysia,1588,239,1349
2023-09-29,Malaysia,758,127,631
2023-09-30,Malaysia,1593,336,1257
2023-10-01,Malaysia,2600,382,2218
2023-10-02,Malaysia,771,102,669
2023-10-03,Malaysia,1122,238,884
2023-10-04,Malaysia,1546,401,1145
2023-10-05,Malaysia,1248,282,966
2023-10-06,Malaysia,988,309,679
2023-10-07,Malaysia,1793,446,1347
2023-10-08,Malaysia,2648,566,2082
2023-10-09,Malaysia,925,135,790
2023-10-10,Malaysia,1186,329,857
2023-10-11,Malaysia,1452,458,994
2023-10-12,Malaysia,1620,494,1126
2023-10-13,Malaysia,708,153,555
2023-10-14,Malaysia,2104,461,1643
2023-10-15,Malaysia,2794,589,2205
2023-10-16,Malaysia,1117,236,881
2023-10-17,Malaysia,1152,246,906
2023-10-18,Malaysia,1883,532,1351
2023-10-19,Malaysia,1677,393,1284
2023-10-20,Malaysia,742,147,595
2023-10-21,Malaysia,2141,527,1614
2023-10-22,Malaysia,2206,390,1816
2023-10-23,Malaysia,935,224,711
2023-10-24,Malaysia,1125,264,861
2023-10-25,Malaysia,1398,460,938
2023-10-26,Malaysia,1497,328,1169
2023-10-27,Malaysia,881,239,642
2023-10-28,Malaysia,1906,415,1491
2023-10-29,Malaysia,3098,488,2610
2023-10-30,Malaysia,872,171,701
2023-10-31,Malaysia,1463,405,1058
2023-11-01,Malaysia,1811,609,1202
2023-11-02,Malaysia,1550,527,1023
2023-11-03,Malaysia,671,137,534
2023-11-04,Malaysia,2237,516,1721
2023-11-05,Malaysia,2789,416,2373
2023-11-06,Malaysia,875,166,709
2023-11-07,Malaysia,1724,569,1155
2023-11-08,Malaysia,1407,330,1077
2023-11-09,Malaysia,1393,196,1197
2023-11-10,Malaysia,532,75,457
2023-11-11,Malaysia,2704,487,2217
2023-11-12,Malaysia,2145,337,1808
2023-11-13,Malaysia,1390,233,1157
2023-11-14,Malaysia,1109,214,895
2023-11-15,Malaysia,1654,405,1249
2023-11-16,Malaysia,1486,344,1142
2023-11-17,Malaysia,949,194,755
2023-11-18,Malaysia,1771,406,1365
2023-11-19,Malaysia,2843,325,2518
2023-11-20,Malaysia,989,259,730
2023-11-21,Malaysia,1281,362,919
2023-11-22,Malaysia,1305,306,999
2023-11-23,Malaysia,1418,305,1113
2023-11-24,Malaysia,708,77,631
2023-11-25,Malaysia,1934,527,1407
2023-11-26,Malaysia,2511,347,2164
2023-11-27,Malaysia,894,207,687
2023-11-28,Malaysia,1137,304,833
2023-11-29,Malaysia,1328,269,1059
2023-11-30,Malaysia,1261,248,1013
2023-12-01,Malaysia,849,116,733
2023-12-02,Malaysia,1595,266,1329
2023-12-03,Malaysia,2607,285,2322
2023-12-04,Malaysia,868,157,711
2023-12-05,Malaysia,1107,194,913
2023-12-06,Malaysia,1603,477,1126
2023-12-07,Malaysia,1650,362,1288
2023-12-08,Malaysia,781,87,694
2023-12-09,Malaysia,1795,418,1377
2023-12-10,Malaysia,2903,368,2535
2023-12-11,Malaysia,1250,167,1083
2023-12-12,Malaysia,1356,322,1034
2023-12-13,Malaysia,1671,399,1272
2023-12-14,Malaysia,1420,278,1142
2023-12-15,Malaysia,809,130,679
2023-12-16,Malaysia,1656,268,1388
2023-12-17,Malaysia,2745,420,2325
2023-12-18,Malaysia,968,161,807
2023-12-19,Malaysia,1279,255,1024
2023-12-20,Malaysia,1619,395,1224
2023-12-21,Malaysia,1223,218,1005
2023-12-22,Malaysia,970,122,848
2023-12-23,Malaysia,1516,270,1246
2023-12-24,Malaysia,1860,219,1641
2023-12-25,Malaysia,1646,221,1425
2023-12-26,Malaysia,1034,93,941
2023-12-27,Malaysia,1351,253,1098
2023-12-28,Malaysia,1490,333,1157
2023-12-29,Malaysia,1253,130,1123
2023-12-30,Malaysia,2064,324,1740
2023-12-31,Malaysia,2680,382,2298
2024-01-01,Malaysia,2258,260,1998
2024-01-02,Malaysia,857,113,744
2024-01-03,Malaysia,1055,199,856
2024-01-04,Malaysia,1213,338,875
2024-01-05,Malaysia,1006,184,822
2024-01-06,Malaysia,1982,387,1595
2024-01-07,Malaysia,2847,479,2368
2024-01-08,Malaysia,1033,266,767
2024-01-09,Malaysia,1300,313,987
2024-01-10,Malaysia,1340,345,995
2024-01-11,Malaysia,1610,385,1225
2024-01-12,Malaysia,1138,251,887
2024-01-13,Malaysia,2136,394,1742
2024-01-14,Malaysia,2870,438,2432
2024-01-15,Malaysia,1104,267,837
2024-01-16,Malaysia,1467,319,1148
2024-01-17,Malaysia,1687,439,1248
2024-01-18,Malaysia,1611,416,1195
2024-01-19,Malaysia,1003,179,824
2024-01-20,Malaysia,1867,431,1436
2024-01-21,Malaysia,2763,409,2354
2024-01-22,Malaysia,819,132,687
2024-01-23,Malaysia,1325,287,1038
2024-01-24,Malaysia,1397,357,1040
2024-01-25,Malaysia,2946,628,2318
2024-01-26,Malaysia,781,100,681
2024-01-27,Malaysia,1733,411,1322
2024-01-28,Malaysia,2650,362,2288
2024-01-29,Malaysia,979,157,822
2024-01-30,Malaysia,1192,248,944
2024-01-31,Malaysia,1366,309,1057
2024-02-01,Malaysia,1343,253,1090
2024-02-02,Malaysia,748,130,618
